Tiles
*
11.00, 3.00, 7.00
*
0.00, 0.00, 0.00*False,Forwards*0, 0, 0
4.00, 0.00, 0.00*False,Forwards*4, 0, 0
9.00, 0.00, 0.00*False,Forwards*9, 0, 0
10.00, 0.00, 0.00*False,Forwards*10, 0, 0
10.00, 0.00, 6.00*False,Forwards*10, 0, 6
10.00, 0.00, 7.00*False,Forwards*10, 0, 7
11.00, 0.00, 7.00*False,Forwards*11, 0, 7
11.00, 0.00, 0.00*False,Forwards*11, 0, 0
11.00, 0.00, 0.00*False,Forwards*11, 0, 0
11.00, 0.00, 1.00*False,Forwards*11, 0, 1
11.00, 0.00, 2.00*False,Forwards*11, 0, 2
11.00, 0.00, 3.00*False,Forwards*11, 0, 3
11.00, 0.00, 4.00*False,Forwards*11, 0, 4
11.00, 0.00, 5.00*False,Forwards*11, 0, 5
11.00, 0.00, 6.00*False,Forwards*11, 0, 6
10.00, 0.00, 5.00*False,Forwards*10, 0, 5
10.00, 0.00, 4.00*False,Forwards*10, 0, 4
10.00, 0.00, 3.00*False,Forwards*10, 0, 3
10.00, 0.00, 2.00*False,Forwards*10, 0, 2
10.00, 0.00, 1.00*False,Forwards*10, 0, 1
3.00, 0.00, 0.00*False,Forwards*3, 0, 0
8.00, 0.00, 0.00*False,Forwards*8, 0, 0
2.00, 0.00, 0.00*False,Forwards*2, 0, 0
7.00, 0.00, 0.00*False,Forwards*7, 0, 0
1.00, 0.00, 0.00*False,Forwards*1, 0, 0
6.00, 0.00, 0.00*False,Forwards*6, 0, 0
0.00, 0.00, 7.00*False,Forwards*0, 0, 7
5.00, 0.00, 7.00*False,Forwards*5, 0, 7
4.00, 0.00, 7.00*False,Forwards*4, 0, 7
9.00, 0.00, 7.00*False,Forwards*9, 0, 7
3.00, 0.00, 7.00*False,Forwards*3, 0, 7
8.00, 0.00, 7.00*False,Forwards*8, 0, 7
2.00, 0.00, 7.00*False,Forwards*2, 0, 7
7.00, 0.00, 7.00*False,Forwards*7, 0, 7
1.00, 0.00, 7.00*False,Forwards*1, 0, 7
6.00, 0.00, 7.00*False,Forwards*6, 0, 7
0.00, 0.00, 6.00*False,Forwards*0, 0, 6
5.00, 0.00, 6.00*False,Forwards*5, 0, 6
4.00, 0.00, 6.00*False,Forwards*4, 0, 6
9.00, 0.00, 6.00*False,Forwards*9, 0, 6
3.00, 0.00, 6.00*False,Forwards*3, 0, 6
8.00, 0.00, 6.00*False,Forwards*8, 0, 6
2.00, 0.00, 6.00*False,Forwards*2, 0, 6
7.00, 0.00, 6.00*False,Forwards*7, 0, 6
1.00, 0.00, 6.00*False,Forwards*1, 0, 6
6.00, 0.00, 6.00*False,Forwards*6, 0, 6
0.00, 0.00, 5.00*False,Forwards*0, 0, 5
4.00, 0.00, 5.00*False,Forwards*4, 0, 5
9.00, 0.00, 5.00*False,Forwards*9, 0, 5
3.00, 0.00, 5.00*False,Forwards*3, 0, 5
8.00, 0.00, 5.00*False,Forwards*8, 0, 5
2.00, 0.00, 5.00*False,Forwards*2, 0, 5
7.00, 0.00, 5.00*False,Forwards*7, 0, 5
1.00, 0.00, 5.00*False,Forwards*1, 0, 5
6.00, 0.00, 5.00*False,Forwards*6, 0, 5
0.00, 0.00, 4.00*False,Forwards*0, 0, 4
4.00, 0.00, 4.00*False,Forwards*4, 0, 4
9.00, 0.00, 4.00*False,Forwards*9, 0, 4
3.00, 0.00, 4.00*False,Forwards*3, 0, 4
8.00, 0.00, 4.00*False,Forwards*8, 0, 4
2.00, 0.00, 4.00*False,Forwards*2, 0, 4
7.00, 0.00, 4.00*False,Forwards*7, 0, 4
1.00, 0.00, 4.00*False,Forwards*1, 0, 4
6.00, 0.00, 4.00*False,Forwards*6, 0, 4
0.00, 0.00, 3.00*False,Forwards*0, 0, 3
4.00, 0.00, 3.00*False,Forwards*4, 0, 3
9.00, 0.00, 3.00*False,Forwards*9, 0, 3
3.00, 0.00, 3.00*False,Forwards*3, 0, 3
2.00, 0.00, 3.00*False,Forwards*2, 0, 3
7.00, 0.00, 3.00*False,Forwards*7, 0, 3
1.00, 0.00, 3.00*False,Forwards*1, 0, 3
6.00, 0.00, 3.00*False,Forwards*6, 0, 3
0.00, 0.00, 2.00*False,Forwards*0, 0, 2
4.00, 0.00, 2.00*False,Forwards*4, 0, 2
8.00, 0.00, 3.00*False,Forwards*8, 0, 3
3.00, 0.00, 2.00*False,Forwards*3, 0, 2
8.00, 0.00, 2.00*False,Forwards*8, 0, 2
2.00, 0.00, 2.00*False,Forwards*2, 0, 2
7.00, 0.00, 2.00*False,Forwards*7, 0, 2
1.00, 0.00, 2.00*False,Forwards*1, 0, 2
6.00, 0.00, 2.00*False,Forwards*6, 0, 2
0.00, 0.00, 1.00*False,Forwards*0, 0, 1
4.00, 0.00, 1.00*False,Forwards*4, 0, 1
9.00, 0.00, 1.00*False,Forwards*9, 0, 1
3.00, 0.00, 1.00*False,Forwards*3, 0, 1
8.00, 0.00, 1.00*False,Forwards*8, 0, 1
2.00, 0.00, 1.00*False,Forwards*2, 0, 1
7.00, 0.00, 1.00*False,Forwards*7, 0, 1
1.00, 0.00, 1.00*False,Forwards*1, 0, 1
6.00, 0.00, 1.00*False,Forwards*6, 0, 1
fileEnd
Desert*0*(0.00, 0.00, 0.00)*(0.00000, 0.00000, 0.00000, 1.00000)*(1.00, 1.00, 1.00)
Desert*0*(4.00, 0.00, 0.00)*(0.00000, 0.00000, 0.00000, 1.00000)*(1.00, 1.00, 1.00)
Desert*0*(8.00, 0.00, 0.00)*(0.00000, 0.00000, 0.00000, 1.00000)*(1.00, 1.00, 1.00)
Desert*0*(3.00, 0.00, 0.00)*(0.00000, 0.00000, 0.00000, 1.00000)*(1.00, 1.00, 1.00)
Desert*0*(7.00, 0.00, 0.00)*(0.00000, 0.00000, 0.00000, 1.00000)*(1.00, 1.00, 1.00)
Desert*0*(11.00, 0.00, 0.00)*(0.00000, 0.00000, 0.00000, 1.00000)*(1.00, 1.00, 1.00)
Desert*0*(2.00, 0.00, 0.00)*(0.00000, 0.00000, 0.00000, 1.00000)*(1.00, 1.00, 1.00)
Desert*0*(6.00, 0.00, 0.00)*(0.00000, 0.00000, 0.00000, 1.00000)*(1.00, 1.00, 1.00)
Desert*0*(10.00, 0.00, 0.00)*(0.00000, 0.00000, 0.00000, 1.00000)*(1.00, 1.00, 1.00)
Desert*0*(1.00, 0.00, 0.00)*(0.00000, 0.00000, 0.00000, 1.00000)*(1.00, 1.00, 1.00)
Desert*0*(9.00, 0.00, 0.00)*(0.00000, 0.00000, 0.00000, 1.00000)*(1.00, 1.00, 1.00)
Desert*0*(0.00, 0.00, 3.00)*(0.00000, 0.00000, 0.00000, 1.00000)*(1.00, 1.00, 1.00)
Desert*0*(4.00, 0.00, 3.00)*(0.00000, 0.00000, 0.00000, 1.00000)*(1.00, 1.00, 1.00)
Desert*0*(8.00, 0.00, 3.00)*(0.00000, 0.00000, 0.00000, 1.00000)*(1.00, 1.00, 1.00)
Desert*0*(3.00, 0.00, 3.00)*(0.00000, 0.00000, 0.00000, 1.00000)*(1.00, 1.00, 1.00)
Desert*0*(7.00, 0.00, 3.00)*(0.00000, 0.00000, 0.00000, 1.00000)*(1.00, 1.00, 1.00)
Desert*0*(11.00, 0.00, 3.00)*(0.00000, 0.00000, 0.00000, 1.00000)*(1.00, 1.00, 1.00)
Desert*0*(2.00, 0.00, 3.00)*(0.00000, 0.00000, 0.00000, 1.00000)*(1.00, 1.00, 1.00)
Desert*0*(6.00, 0.00, 3.00)*(0.00000, 0.00000, 0.00000, 1.00000)*(1.00, 1.00, 1.00)
Desert*0*(10.00, 0.00, 3.00)*(0.00000, 0.00000, 0.00000, 1.00000)*(1.00, 1.00, 1.00)
Desert*0*(1.00, 0.00, 3.00)*(0.00000, 0.00000, 0.00000, 1.00000)*(1.00, 1.00, 1.00)
Desert*0*(9.00, 0.00, 3.00)*(0.00000, 0.00000, 0.00000, 1.00000)*(1.00, 1.00, 1.00)
Desert*0*(0.00, 0.00, 2.00)*(0.00000, 0.00000, 0.00000, 1.00000)*(1.00, 1.00, 1.00)
Desert*0*(4.00, 0.00, 2.00)*(0.00000, 0.00000, 0.00000, 1.00000)*(1.00, 1.00, 1.00)
Desert*0*(8.00, 0.00, 2.00)*(0.00000, 0.00000, 0.00000, 1.00000)*(1.00, 1.00, 1.00)
Desert*0*(3.00, 0.00, 2.00)*(0.00000, 0.00000, 0.00000, 1.00000)*(1.00, 1.00, 1.00)
Desert*0*(7.00, 0.00, 2.00)*(0.00000, 0.00000, 0.00000, 1.00000)*(1.00, 1.00, 1.00)
Desert*0*(11.00, 0.00, 2.00)*(0.00000, 0.00000, 0.00000, 1.00000)*(1.00, 1.00, 1.00)
Desert*0*(2.00, 0.00, 2.00)*(0.00000, 0.00000, 0.00000, 1.00000)*(1.00, 1.00, 1.00)
Desert*0*(6.00, 0.00, 2.00)*(0.00000, 0.00000, 0.00000, 1.00000)*(1.00, 1.00, 1.00)
Desert*0*(10.00, 0.00, 2.00)*(0.00000, 0.00000, 0.00000, 1.00000)*(1.00, 1.00, 1.00)
Desert*0*(1.00, 0.00, 2.00)*(0.00000, 0.00000, 0.00000, 1.00000)*(1.00, 1.00, 1.00)
Desert*0*(9.00, 0.00, 2.00)*(0.00000, 0.00000, 0.00000, 1.00000)*(1.00, 1.00, 1.00)
Desert*0*(0.00, 0.00, 5.00)*(0.00000, 0.00000, 0.00000, 1.00000)*(1.00, 1.00, 1.00)
Desert*0*(4.00, 0.00, 5.00)*(0.00000, 0.00000, 0.00000, 1.00000)*(1.00, 1.00, 1.00)
Desert*0*(8.00, 0.00, 5.00)*(0.00000, 0.00000, 0.00000, 1.00000)*(1.00, 1.00, 1.00)
Desert*0*(3.00, 0.00, 5.00)*(0.00000, 0.00000, 0.00000, 1.00000)*(1.00, 1.00, 1.00)
Desert*0*(7.00, 0.00, 5.00)*(0.00000, 0.00000, 0.00000, 1.00000)*(1.00, 1.00, 1.00)
Desert*0*(11.00, 0.00, 5.00)*(0.00000, 0.00000, 0.00000, 1.00000)*(1.00, 1.00, 1.00)
Desert*0*(2.00, 0.00, 5.00)*(0.00000, 0.00000, 0.00000, 1.00000)*(1.00, 1.00, 1.00)
Desert*0*(6.00, 0.00, 5.00)*(0.00000, 0.00000, 0.00000, 1.00000)*(1.00, 1.00, 1.00)
Desert*0*(10.00, 0.00, 5.00)*(0.00000, 0.00000, 0.00000, 1.00000)*(1.00, 1.00, 1.00)
Desert*0*(1.00, 0.00, 5.00)*(0.00000, 0.00000, 0.00000, 1.00000)*(1.00, 1.00, 1.00)
Desert*0*(9.00, 0.00, 5.00)*(0.00000, 0.00000, 0.00000, 1.00000)*(1.00, 1.00, 1.00)
Desert*0*(0.00, 0.00, 7.00)*(0.00000, 0.00000, 0.00000, 1.00000)*(1.00, 1.00, 1.00)
Desert*0*(4.00, 0.00, 7.00)*(0.00000, 0.00000, 0.00000, 1.00000)*(1.00, 1.00, 1.00)
Desert*0*(8.00, 0.00, 7.00)*(0.00000, 0.00000, 0.00000, 1.00000)*(1.00, 1.00, 1.00)
Desert*0*(3.00, 0.00, 7.00)*(0.00000, 0.00000, 0.00000, 1.00000)*(1.00, 1.00, 1.00)
Desert*0*(7.00, 0.00, 7.00)*(0.00000, 0.00000, 0.00000, 1.00000)*(1.00, 1.00, 1.00)
Desert*0*(11.00, 0.00, 7.00)*(0.00000, 0.00000, 0.00000, 1.00000)*(1.00, 1.00, 1.00)
Desert*0*(2.00, 0.00, 7.00)*(0.00000, 0.00000, 0.00000, 1.00000)*(1.00, 1.00, 1.00)
Desert*0*(6.00, 0.00, 7.00)*(0.00000, 0.00000, 0.00000, 1.00000)*(1.00, 1.00, 1.00)
Desert*0*(10.00, 0.00, 7.00)*(0.00000, 0.00000, 0.00000, 1.00000)*(1.00, 1.00, 1.00)
Desert*0*(1.00, 0.00, 7.00)*(0.00000, 0.00000, 0.00000, 1.00000)*(1.00, 1.00, 1.00)
Desert*0*(5.00, 0.00, 7.00)*(0.00000, 0.00000, 0.00000, 1.00000)*(1.00, 1.00, 1.00)
Desert*0*(9.00, 0.00, 7.00)*(0.00000, 0.00000, 0.00000, 1.00000)*(1.00, 1.00, 1.00)
Desert*0*(0.00, 0.00, 6.00)*(0.00000, 0.00000, 0.00000, 1.00000)*(1.00, 1.00, 1.00)
Desert*0*(4.00, 0.00, 6.00)*(0.00000, 0.00000, 0.00000, 1.00000)*(1.00, 1.00, 1.00)
Desert*0*(8.00, 0.00, 6.00)*(0.00000, 0.00000, 0.00000, 1.00000)*(1.00, 1.00, 1.00)
Desert*0*(3.00, 0.00, 6.00)*(0.00000, 0.00000, 0.00000, 1.00000)*(1.00, 1.00, 1.00)
Desert*0*(7.00, 0.00, 6.00)*(0.00000, 0.00000, 0.00000, 1.00000)*(1.00, 1.00, 1.00)
Desert*0*(11.00, 0.00, 6.00)*(0.00000, 0.00000, 0.00000, 1.00000)*(1.00, 1.00, 1.00)
Desert*0*(2.00, 0.00, 6.00)*(0.00000, 0.00000, 0.00000, 1.00000)*(1.00, 1.00, 1.00)
Desert*0*(6.00, 0.00, 6.00)*(0.00000, 0.00000, 0.00000, 1.00000)*(1.00, 1.00, 1.00)
Desert*0*(10.00, 0.00, 6.00)*(0.00000, 0.00000, 0.00000, 1.00000)*(1.00, 1.00, 1.00)
Desert*0*(1.00, 0.00, 6.00)*(0.00000, 0.00000, 0.00000, 1.00000)*(1.00, 1.00, 1.00)
Desert*0*(5.00, 0.00, 6.00)*(0.00000, 0.00000, 0.00000, 1.00000)*(1.00, 1.00, 1.00)
Desert*0*(9.00, 0.00, 6.00)*(0.00000, 0.00000, 0.00000, 1.00000)*(1.00, 1.00, 1.00)
Desert*0*(0.00, 0.00, 1.00)*(0.00000, 0.00000, 0.00000, 1.00000)*(1.00, 1.00, 1.00)
Desert*0*(4.00, 0.00, 1.00)*(0.00000, 0.00000, 0.00000, 1.00000)*(1.00, 1.00, 1.00)
Desert*0*(8.00, 0.00, 1.00)*(0.00000, 0.00000, 0.00000, 1.00000)*(1.00, 1.00, 1.00)
Desert*0*(3.00, 0.00, 1.00)*(0.00000, 0.00000, 0.00000, 1.00000)*(1.00, 1.00, 1.00)
Desert*0*(7.00, 0.00, 1.00)*(0.00000, 0.00000, 0.00000, 1.00000)*(1.00, 1.00, 1.00)
Desert*0*(11.00, 0.00, 1.00)*(0.00000, 0.00000, 0.00000, 1.00000)*(1.00, 1.00, 1.00)
Desert*0*(2.00, 0.00, 1.00)*(0.00000, 0.00000, 0.00000, 1.00000)*(1.00, 1.00, 1.00)
Desert*0*(6.00, 0.00, 1.00)*(0.00000, 0.00000, 0.00000, 1.00000)*(1.00, 1.00, 1.00)
Desert*0*(10.00, 0.00, 1.00)*(0.00000, 0.00000, 0.00000, 1.00000)*(1.00, 1.00, 1.00)
Desert*0*(1.00, 0.00, 1.00)*(0.00000, 0.00000, 0.00000, 1.00000)*(1.00, 1.00, 1.00)
Desert*0*(9.00, 0.00, 1.00)*(0.00000, 0.00000, 0.00000, 1.00000)*(1.00, 1.00, 1.00)
Desert*0*(0.00, 0.00, 4.00)*(0.00000, 0.00000, 0.00000, 1.00000)*(1.00, 1.00, 1.00)
Desert*0*(4.00, 0.00, 4.00)*(0.00000, 0.00000, 0.00000, 1.00000)*(1.00, 1.00, 1.00)
Desert*0*(8.00, 0.00, 4.00)*(0.00000, 0.00000, 0.00000, 1.00000)*(1.00, 1.00, 1.00)
Desert*0*(3.00, 0.00, 4.00)*(0.00000, 0.00000, 0.00000, 1.00000)*(1.00, 1.00, 1.00)
Desert*0*(7.00, 0.00, 4.00)*(0.00000, 0.00000, 0.00000, 1.00000)*(1.00, 1.00, 1.00)
Desert*0*(11.00, 0.00, 4.00)*(0.00000, 0.00000, 0.00000, 1.00000)*(1.00, 1.00, 1.00)
Desert*0*(2.00, 0.00, 4.00)*(0.00000, 0.00000, 0.00000, 1.00000)*(1.00, 1.00, 1.00)
Desert*0*(6.00, 0.00, 4.00)*(0.00000, 0.00000, 0.00000, 1.00000)*(1.00, 1.00, 1.00)
Desert*0*(10.00, 0.00, 4.00)*(0.00000, 0.00000, 0.00000, 1.00000)*(1.00, 1.00, 1.00)
Desert*0*(1.00, 0.00, 4.00)*(0.00000, 0.00000, 0.00000, 1.00000)*(1.00, 1.00, 1.00)
Desert*0*(9.00, 0.00, 4.00)*(0.00000, 0.00000, 0.00000, 1.00000)*(1.00, 1.00, 1.00)
sceneEnd
