Tiles
*
38.00, 8.00, 24.00
*
1.00, 0.00, 1.00*False,PosZ*1, 0, 1
1.00, 0.00, 17.00*False,PosZ*1, 0, 17
4.00, 0.00, 1.00*False,PosZ*4, 0, 1
4.00, 0.00, 17.00*False,PosZ*4, 0, 17
3.00, 0.00, 1.00*False,PosZ*3, 0, 1
3.00, 0.00, 17.00*False,PosZ*3, 0, 17
6.00, 0.00, 1.00*False,PosZ*6, 0, 1
6.00, 0.00, 17.00*False,PosZ*6, 0, 17
6.00, 0.00, 5.00*False,PosZ*6, 0, 5
6.00, 0.00, 4.00*False,PosZ*6, 0, 4
5.00, 0.00, 5.00*False,PosZ*5, 0, 5
1.00, 2.00, 5.00*False,PosZ*1, 2, 5
1.00, 2.00, 14.00*False,PosZ*1, 2, 14
5.00, 0.00, 8.00*False,PosZ*5, 0, 8
5.00, 0.00, 12.00*False,PosZ*5, 0, 12
5.00, 0.00, 13.00*False,PosZ*5, 0, 13
5.00, 0.00, 14.00*False,PosZ*5, 0, 14
5.00, 0.00, 15.00*False,PosZ*5, 0, 15
5.00, 0.00, 16.00*False,PosZ*5, 0, 16
4.00, 0.00, 16.00*False,PosZ*4, 0, 16
5.00, 1.00, 9.00*True,PosX*5, 1, 9
1.00, 2.00, 8.00*True,PosZ*1, 2, 8
1.00, 2.00, 12.00*True,NegZ*1, 2, 12
5.00, 1.00, 10.00*True,PosX*5, 1, 10
5.00, 1.00, 11.00*True,PosX*5, 1, 11
3.00, 1.00, 16.00*True,PosX*3, 1, 16
3.00, 1.00, 4.00*True,PosX*3, 1, 4
2.00, 2.00, 16.00*True,PosX*2, 2, 16
2.00, 2.00, 4.00*True,PosX*2, 2, 4
5.00, 0.00, 7.00*False,PosZ*5, 0, 7
1.00, 2.00, 7.00*False,PosZ*1, 2, 7
1.00, 2.00, 16.00*False,PosZ*1, 2, 16
5.00, 0.00, 6.00*False,PosZ*5, 0, 6
1.00, 2.00, 6.00*False,PosZ*1, 2, 6
1.00, 2.00, 15.00*False,PosZ*1, 2, 15
4.00, 0.00, 4.00*False,PosZ*4, 0, 4
5.00, 0.00, 4.00*False,PosZ*5, 0, 4
1.00, 2.00, 4.00*False,PosZ*1, 2, 4
1.00, 2.00, 13.00*False,PosZ*1, 2, 13
6.00, 0.00, 8.00*False,PosZ*6, 0, 8
4.00, 1.00, 8.00*False,PosZ*4, 1, 8
3.00, 1.00, 8.00*False,PosZ*3, 1, 8
2.00, 1.00, 8.00*False,PosZ*2, 1, 8
6.00, 0.00, 11.00*False,PosZ*6, 0, 11
4.00, 1.00, 11.00*False,PosZ*4, 1, 11
3.00, 1.00, 11.00*False,PosZ*3, 1, 11
2.00, 1.00, 11.00*False,PosZ*2, 1, 11
1.00, 1.00, 11.00*False,PosZ*1, 1, 11
6.00, 0.00, 14.00*False,PosZ*6, 0, 14
4.00, 1.00, 14.00*False,PosZ*4, 1, 14
3.00, 1.00, 14.00*False,PosZ*3, 1, 14
2.00, 1.00, 14.00*False,PosZ*2, 1, 14
2.00, 0.00, 1.00*False,PosZ*2, 0, 1
2.00, 0.00, 17.00*False,PosZ*2, 0, 17
5.00, 0.00, 1.00*False,PosZ*5, 0, 1
5.00, 0.00, 17.00*False,PosZ*5, 0, 17
1.00, 0.00, 3.00*False,PosZ*1, 0, 3
1.00, 0.00, 19.00*False,PosZ*1, 0, 19
4.00, 0.00, 3.00*False,PosZ*4, 0, 3
4.00, 0.00, 19.00*False,PosZ*4, 0, 19
3.00, 0.00, 3.00*False,PosZ*3, 0, 3
3.00, 0.00, 19.00*False,PosZ*3, 0, 19
6.00, 0.00, 3.00*False,PosZ*6, 0, 3
6.00, 0.00, 19.00*False,PosZ*6, 0, 19
6.00, 0.00, 7.00*False,PosZ*6, 0, 7
4.00, 1.00, 7.00*False,PosZ*4, 1, 7
3.00, 1.00, 7.00*False,PosZ*3, 1, 7
2.00, 1.00, 7.00*False,PosZ*2, 1, 7
6.00, 0.00, 10.00*False,PosZ*6, 0, 10
4.00, 1.00, 10.00*False,PosZ*4, 1, 10
3.00, 1.00, 10.00*False,PosZ*3, 1, 10
2.00, 1.00, 10.00*False,PosZ*2, 1, 10
1.00, 1.00, 10.00*False,PosZ*1, 1, 10
6.00, 0.00, 13.00*False,PosZ*6, 0, 13
4.00, 1.00, 13.00*False,PosZ*4, 1, 13
3.00, 1.00, 13.00*False,PosZ*3, 1, 13
2.00, 1.00, 13.00*False,PosZ*2, 1, 13
6.00, 0.00, 16.00*False,PosZ*6, 0, 16
2.00, 0.00, 3.00*False,PosZ*2, 0, 3
2.00, 0.00, 19.00*False,PosZ*2, 0, 19
5.00, 0.00, 3.00*False,PosZ*5, 0, 3
5.00, 0.00, 19.00*False,PosZ*5, 0, 19
1.00, 0.00, 2.00*False,PosZ*1, 0, 2
1.00, 0.00, 18.00*False,PosZ*1, 0, 18
4.00, 0.00, 2.00*False,PosZ*4, 0, 2
4.00, 0.00, 18.00*False,PosZ*4, 0, 18
3.00, 0.00, 2.00*False,PosZ*3, 0, 2
3.00, 0.00, 18.00*False,PosZ*3, 0, 18
6.00, 0.00, 2.00*False,PosZ*6, 0, 2
6.00, 0.00, 18.00*False,PosZ*6, 0, 18
6.00, 0.00, 6.00*False,PosZ*6, 0, 6
4.00, 1.00, 6.00*False,PosZ*4, 1, 6
3.00, 1.00, 6.00*False,PosZ*3, 1, 6
2.00, 1.00, 6.00*False,PosZ*2, 1, 6
6.00, 0.00, 9.00*False,PosZ*6, 0, 9
4.00, 1.00, 9.00*False,PosZ*4, 1, 9
3.00, 1.00, 9.00*False,PosZ*3, 1, 9
2.00, 1.00, 9.00*False,PosZ*2, 1, 9
1.00, 1.00, 9.00*False,PosZ*1, 1, 9
6.00, 0.00, 12.00*False,PosZ*6, 0, 12
4.00, 1.00, 12.00*False,PosZ*4, 1, 12
3.00, 1.00, 12.00*False,PosZ*3, 1, 12
2.00, 1.00, 12.00*False,PosZ*2, 1, 12
6.00, 0.00, 15.00*False,PosZ*6, 0, 15
2.00, 0.00, 2.00*False,PosZ*2, 0, 2
2.00, 0.00, 18.00*False,PosZ*2, 0, 18
5.00, 0.00, 2.00*False,PosZ*5, 0, 2
5.00, 0.00, 18.00*False,PosZ*5, 0, 18
fileEnd
Facility*1*(1.00, 0.00, 1.00)*(0.00, 0.00, 0.00)*(1.00, 1.00, 1.00)
Facility*1*(4.00, 0.00, 1.00)*(0.00, 0.00, 0.00)*(1.00, 1.00, 1.00)
Facility*1*(3.00, 0.00, 1.00)*(0.00, 0.00, 0.00)*(1.00, 1.00, 1.00)
Facility*1*(2.00, 0.00, 1.00)*(0.00, 0.00, 0.00)*(1.00, 1.00, 1.00)
Facility*1*(1.00, 0.00, 17.00)*(0.00, 0.00, 0.00)*(1.00, 1.00, 1.00)
Facility*1*(4.00, 0.00, 17.00)*(0.00, 0.00, 0.00)*(1.00, 1.00, 1.00)
Facility*1*(5.00, 0.00, 17.00)*(0.00, 0.00, 0.00)*(1.00, 1.00, 1.00)
Facility*1*(6.00, 0.00, 17.00)*(0.00, 0.00, 0.00)*(1.00, 1.00, 1.00)
Facility*1*(5.00, 0.00, 6.00)*(0.00, 0.00, 0.00)*(1.00, 1.00, 1.00)
Facility*1*(6.00, 0.00, 6.00)*(0.00, 0.00, 0.00)*(1.00, 1.00, 1.00)
Facility*1*(5.00, 0.00, 13.00)*(0.00, 0.00, 0.00)*(1.00, 1.00, 1.00)
Facility*1*(6.00, 0.00, 13.00)*(0.00, 0.00, 0.00)*(1.00, 1.00, 1.00)
Facility*1*(5.00, 0.00, 2.00)*(0.00, 0.00, 0.00)*(1.00, 1.00, 1.00)
Facility*1*(6.00, 0.00, 2.00)*(0.00, 0.00, 0.00)*(1.00, 1.00, 1.00)
Facility*1*(4.00, 0.00, 16.00)*(0.00, 0.00, 0.00)*(1.00, 1.00, 1.00)
Facility*1*(3.00, 0.00, 16.00)*(0.00, 0.00, 0.00)*(1.00, 1.00, 1.00)
Facility*1*(5.00, 0.00, 16.00)*(0.00, 0.00, 0.00)*(1.00, 1.00, 1.00)
Facility*1*(6.00, 0.00, 16.00)*(0.00, 0.00, 0.00)*(1.00, 1.00, 1.00)
Facility*1*(5.00, 0.00, 5.00)*(0.00, 0.00, 0.00)*(1.00, 1.00, 1.00)
Facility*1*(6.00, 0.00, 5.00)*(0.00, 0.00, 0.00)*(1.00, 1.00, 1.00)
Facility*1*(5.00, 0.00, 12.00)*(0.00, 0.00, 0.00)*(1.00, 1.00, 1.00)
Facility*1*(6.00, 0.00, 12.00)*(0.00, 0.00, 0.00)*(1.00, 1.00, 1.00)
Facility*1*(6.00, 0.00, 9.00)*(0.00, 0.00, 0.00)*(1.00, 1.00, 1.00)
Facility*1*(5.00, 0.00, 9.00)*(0.00, 0.00, 0.00)*(1.00, 1.00, 1.00)
Facility*1*(6.00, 0.00, 10.00)*(0.00, 0.00, 0.00)*(1.00, 1.00, 1.00)
Facility*1*(5.00, 0.00, 10.00)*(0.00, 0.00, 0.00)*(1.00, 1.00, 1.00)
Facility*1*(6.00, 0.00, 11.00)*(0.00, 0.00, 0.00)*(1.00, 1.00, 1.00)
Facility*1*(5.00, 0.00, 11.00)*(0.00, 0.00, 0.00)*(1.00, 1.00, 1.00)
Facility*1*(5.00, 0.00, 1.00)*(0.00, 0.00, 0.00)*(1.00, 1.00, 1.00)
Facility*1*(6.00, 0.00, 1.00)*(0.00, 0.00, 0.00)*(1.00, 1.00, 1.00)
Facility*1*(4.00, 0.00, 4.00)*(0.00, 0.00, 0.00)*(1.00, 1.00, 1.00)
Facility*1*(3.00, 0.00, 4.00)*(0.00, 0.00, 0.00)*(1.00, 1.00, 1.00)
Facility*1*(3.00, 0.00, 17.00)*(0.00, 0.00, 0.00)*(1.00, 1.00, 1.00)
Facility*1*(2.00, 0.00, 17.00)*(0.00, 0.00, 0.00)*(1.00, 1.00, 1.00)
Facility*1*(1.00, 0.00, 3.00)*(0.00, 0.00, 0.00)*(1.00, 1.00, 1.00)
Facility*1*(4.00, 0.00, 3.00)*(0.00, 0.00, 0.00)*(1.00, 1.00, 1.00)
Facility*1*(3.00, 0.00, 3.00)*(0.00, 0.00, 0.00)*(1.00, 1.00, 1.00)
Facility*1*(2.00, 0.00, 3.00)*(0.00, 0.00, 0.00)*(1.00, 1.00, 1.00)
Facility*1*(1.00, 0.00, 19.00)*(0.00, 0.00, 0.00)*(1.00, 1.00, 1.00)
Facility*1*(4.00, 0.00, 19.00)*(0.00, 0.00, 0.00)*(1.00, 1.00, 1.00)
Facility*1*(5.00, 0.00, 19.00)*(0.00, 0.00, 0.00)*(1.00, 1.00, 1.00)
Facility*1*(6.00, 0.00, 19.00)*(0.00, 0.00, 0.00)*(1.00, 1.00, 1.00)
Facility*1*(5.00, 0.00, 8.00)*(0.00, 0.00, 0.00)*(1.00, 1.00, 1.00)
Facility*1*(6.00, 0.00, 8.00)*(0.00, 0.00, 0.00)*(1.00, 1.00, 1.00)
Facility*1*(5.00, 0.00, 15.00)*(0.00, 0.00, 0.00)*(1.00, 1.00, 1.00)
Facility*1*(6.00, 0.00, 15.00)*(0.00, 0.00, 0.00)*(1.00, 1.00, 1.00)
Facility*1*(5.00, 0.00, 4.00)*(0.00, 0.00, 0.00)*(1.00, 1.00, 1.00)
Facility*1*(6.00, 0.00, 4.00)*(0.00, 0.00, 0.00)*(1.00, 1.00, 1.00)
Facility*1*(3.00, 0.00, 19.00)*(0.00, 0.00, 0.00)*(1.00, 1.00, 1.00)
Facility*1*(2.00, 0.00, 19.00)*(0.00, 0.00, 0.00)*(1.00, 1.00, 1.00)
Facility*1*(1.00, 0.00, 2.00)*(0.00, 0.00, 0.00)*(1.00, 1.00, 1.00)
Facility*1*(4.00, 0.00, 2.00)*(0.00, 0.00, 0.00)*(1.00, 1.00, 1.00)
Facility*1*(3.00, 0.00, 2.00)*(0.00, 0.00, 0.00)*(1.00, 1.00, 1.00)
Facility*1*(2.00, 0.00, 2.00)*(0.00, 0.00, 0.00)*(1.00, 1.00, 1.00)
Facility*1*(1.00, 0.00, 18.00)*(0.00, 0.00, 0.00)*(1.00, 1.00, 1.00)
Facility*1*(4.00, 0.00, 18.00)*(0.00, 0.00, 0.00)*(1.00, 1.00, 1.00)
Facility*1*(5.00, 0.00, 18.00)*(0.00, 0.00, 0.00)*(1.00, 1.00, 1.00)
Facility*1*(6.00, 0.00, 18.00)*(0.00, 0.00, 0.00)*(1.00, 1.00, 1.00)
Facility*1*(5.00, 0.00, 7.00)*(0.00, 0.00, 0.00)*(1.00, 1.00, 1.00)
Facility*1*(6.00, 0.00, 7.00)*(0.00, 0.00, 0.00)*(1.00, 1.00, 1.00)
Facility*1*(5.00, 0.00, 14.00)*(0.00, 0.00, 0.00)*(1.00, 1.00, 1.00)
Facility*1*(6.00, 0.00, 14.00)*(0.00, 0.00, 0.00)*(1.00, 1.00, 1.00)
Facility*1*(5.00, 0.00, 3.00)*(0.00, 0.00, 0.00)*(1.00, 1.00, 1.00)
Facility*1*(6.00, 0.00, 3.00)*(0.00, 0.00, 0.00)*(1.00, 1.00, 1.00)
Facility*1*(3.00, 0.00, 18.00)*(0.00, 0.00, 0.00)*(1.00, 1.00, 1.00)
Facility*1*(2.00, 0.00, 18.00)*(0.00, 0.00, 0.00)*(1.00, 1.00, 1.00)
Facility*0*(1.00, 0.50, 4.00)*(0.00, 0.00, 0.00)*(1.00, 1.00, 1.00)
Facility*0*(2.00, 0.50, 4.00)*(0.00, 0.00, 0.00)*(1.00, 1.00, 1.00)
Facility*0*(2.00, 0.50, 16.00)*(0.00, 0.00, 0.00)*(1.00, 1.00, 1.00)
Facility*0*(1.00, 0.50, 16.00)*(0.00, 0.00, 0.00)*(1.00, 1.00, 1.00)
Facility*0*(1.00, 1.50, 4.00)*(0.00, 0.00, 0.00)*(1.00, 1.00, 1.00)
Facility*0*(1.00, 1.50, 16.00)*(0.00, 0.00, 0.00)*(1.00, 1.00, 1.00)
Facility*0*(1.00, 1.50, 5.00)*(0.00, 0.00, 0.00)*(1.00, 1.00, 1.00)
Facility*0*(1.00, 1.50, 14.00)*(0.00, 0.00, 0.00)*(1.00, 1.00, 1.00)
Facility*0*(1.00, 1.50, 13.00)*(0.00, 0.00, 0.00)*(1.00, 1.00, 1.00)
Facility*0*(1.00, 1.50, 7.00)*(0.00, 0.00, 0.00)*(1.00, 1.00, 1.00)
Facility*0*(1.00, 1.50, 6.00)*(0.00, 0.00, 0.00)*(1.00, 1.00, 1.00)
Facility*0*(1.00, 1.50, 15.00)*(0.00, 0.00, 0.00)*(1.00, 1.00, 1.00)
Facility*0*(2.00, 1.50, 5.00)*(0.00, 0.00, 0.00)*(1.00, 1.00, 1.00)
Facility*0*(2.00, 1.50, 15.00)*(0.00, 0.00, 0.00)*(1.00, 1.00, 1.00)
Facility*0*(4.00, 1.50, 5.00)*(0.00, 0.00, 0.00)*(1.00, 1.00, 1.00)
Facility*0*(4.00, 1.50, 15.00)*(0.00, 0.00, 0.00)*(1.00, 1.00, 1.00)
Facility*0*(3.00, 1.50, 5.00)*(0.00, 0.00, 0.00)*(1.00, 1.00, 1.00)
Facility*0*(3.00, 1.50, 15.00)*(0.00, 0.00, 0.00)*(1.00, 1.00, 1.00)
Facility*0*(2.00, 2.50, 5.00)*(0.00, 0.00, 0.00)*(1.00, 1.00, 1.00)
Facility*0*(2.00, 2.50, 15.00)*(0.00, 0.00, 0.00)*(1.00, 1.00, 1.00)
Facility*0*(4.00, 2.50, 5.00)*(0.00, 0.00, 0.00)*(1.00, 1.00, 1.00)
Facility*0*(4.00, 2.50, 15.00)*(0.00, 0.00, 0.00)*(1.00, 1.00, 1.00)
Facility*0*(3.00, 2.50, 5.00)*(0.00, 0.00, 0.00)*(1.00, 1.00, 1.00)
Facility*0*(3.00, 2.50, 15.00)*(0.00, 0.00, 0.00)*(1.00, 1.00, 1.00)
Facility*0*(0.00, 0.50, 5.00)*(0.00, 0.00, 0.00)*(1.00, 1.00, 1.00)
Facility*0*(0.00, 0.50, 0.00)*(0.00, 0.00, 0.00)*(1.00, 1.00, 1.00)
Facility*0*(6.00, 0.50, 0.00)*(0.00, 0.00, 0.00)*(1.00, 1.00, 1.00)
Facility*0*(5.00, 0.50, 0.00)*(0.00, 0.00, 0.00)*(1.00, 1.00, 1.00)
Facility*0*(4.00, 0.50, 0.00)*(0.00, 0.00, 0.00)*(1.00, 1.00, 1.00)
Facility*0*(3.00, 0.50, 0.00)*(0.00, 0.00, 0.00)*(1.00, 1.00, 1.00)
Facility*0*(2.00, 0.50, 0.00)*(0.00, 0.00, 0.00)*(1.00, 1.00, 1.00)
Facility*0*(1.00, 0.50, 0.00)*(0.00, 0.00, 0.00)*(1.00, 1.00, 1.00)
Facility*0*(0.00, 0.50, 1.00)*(0.00, 0.00, 0.00)*(1.00, 1.00, 1.00)
Facility*0*(0.00, 0.50, 2.00)*(0.00, 0.00, 0.00)*(1.00, 1.00, 1.00)
Facility*0*(0.00, 0.50, 3.00)*(0.00, 0.00, 0.00)*(1.00, 1.00, 1.00)
Facility*0*(0.00, 0.50, 4.00)*(0.00, 0.00, 0.00)*(1.00, 1.00, 1.00)
Facility*0*(0.00, 0.50, 14.00)*(0.00, 0.00, 0.00)*(1.00, 1.00, 1.00)
Facility*0*(0.00, 0.50, 13.00)*(0.00, 0.00, 0.00)*(1.00, 1.00, 1.00)
Facility*0*(1.00, 0.50, 12.00)*(0.00, 0.00, 0.00)*(1.00, 1.00, 1.00)
Facility*0*(1.00, 0.50, 11.00)*(0.00, 0.00, 0.00)*(1.00, 1.00, 1.00)
Facility*0*(1.00, 0.50, 10.00)*(0.00, 0.00, 0.00)*(1.00, 1.00, 1.00)
Facility*0*(1.00, 0.50, 9.00)*(0.00, 0.00, 0.00)*(1.00, 1.00, 1.00)
Facility*0*(1.00, 0.50, 8.00)*(0.00, 0.00, 0.00)*(1.00, 1.00, 1.00)
Facility*0*(0.00, 0.50, 7.00)*(0.00, 0.00, 0.00)*(1.00, 1.00, 1.00)
Facility*0*(0.00, 0.50, 12.00)*(0.00, 0.00, 0.00)*(1.00, 1.00, 1.00)
Facility*0*(0.00, 0.50, 11.00)*(0.00, 0.00, 0.00)*(1.00, 1.00, 1.00)
Facility*0*(0.00, 0.50, 10.00)*(0.00, 0.00, 0.00)*(1.00, 1.00, 1.00)
Facility*0*(0.00, 0.50, 9.00)*(0.00, 0.00, 0.00)*(1.00, 1.00, 1.00)
Facility*0*(0.00, 0.50, 8.00)*(0.00, 0.00, 0.00)*(1.00, 1.00, 1.00)
Facility*0*(0.00, 0.50, 6.00)*(0.00, 0.00, 0.00)*(1.00, 1.00, 1.00)
Facility*0*(0.00, 0.50, 15.00)*(0.00, 0.00, 0.00)*(1.00, 1.00, 1.00)
Facility*0*(0.00, 0.50, 20.00)*(0.00, 0.00, 0.00)*(1.00, 1.00, 1.00)
Facility*0*(2.00, 0.50, 20.00)*(0.00, 0.00, 0.00)*(1.00, 1.00, 1.00)
Facility*0*(6.00, 0.50, 20.00)*(0.00, 0.00, 0.00)*(1.00, 1.00, 1.00)
Facility*0*(5.00, 0.50, 20.00)*(0.00, 0.00, 0.00)*(1.00, 1.00, 1.00)
Facility*0*(4.00, 0.50, 20.00)*(0.00, 0.00, 0.00)*(1.00, 1.00, 1.00)
Facility*0*(3.00, 0.50, 20.00)*(0.00, 0.00, 0.00)*(1.00, 1.00, 1.00)
Facility*0*(1.00, 0.50, 20.00)*(0.00, 0.00, 0.00)*(1.00, 1.00, 1.00)
Facility*0*(0.00, 0.50, 19.00)*(0.00, 0.00, 0.00)*(1.00, 1.00, 1.00)
Facility*0*(0.00, 0.50, 18.00)*(0.00, 0.00, 0.00)*(1.00, 1.00, 1.00)
Facility*0*(0.00, 0.50, 17.00)*(0.00, 0.00, 0.00)*(1.00, 1.00, 1.00)
Facility*0*(0.00, 0.50, 16.00)*(0.00, 0.00, 0.00)*(1.00, 1.00, 1.00)
Facility*0*(0.00, 2.50, 16.00)*(0.00, 0.00, 0.00)*(1.00, 1.00, 1.00)
Facility*0*(0.00, 2.50, 17.00)*(0.00, 0.00, 0.00)*(1.00, 1.00, 1.00)
Facility*0*(0.00, 2.50, 15.00)*(0.00, 0.00, 0.00)*(1.00, 1.00, 1.00)
Facility*0*(0.00, 2.50, 14.00)*(0.00, 0.00, 0.00)*(1.00, 1.00, 1.00)
Facility*0*(0.00, 2.50, 13.00)*(0.00, 0.00, 0.00)*(1.00, 1.00, 1.00)
Facility*0*(0.00, 2.50, 12.00)*(0.00, 0.00, 0.00)*(1.00, 1.00, 1.00)
Facility*0*(0.00, 2.50, 11.00)*(0.00, 0.00, 0.00)*(1.00, 1.00, 1.00)
Facility*0*(0.00, 2.50, 10.00)*(0.00, 0.00, 0.00)*(1.00, 1.00, 1.00)
Facility*0*(0.00, 2.50, 9.00)*(0.00, 0.00, 0.00)*(1.00, 1.00, 1.00)
Facility*0*(0.00, 2.50, 8.00)*(0.00, 0.00, 0.00)*(1.00, 1.00, 1.00)
Facility*0*(0.00, 2.50, 7.00)*(0.00, 0.00, 0.00)*(1.00, 1.00, 1.00)
Facility*0*(0.00, 2.50, 6.00)*(0.00, 0.00, 0.00)*(1.00, 1.00, 1.00)
Facility*0*(0.00, 2.50, 5.00)*(0.00, 0.00, 0.00)*(1.00, 1.00, 1.00)
Facility*0*(0.00, 2.50, 4.00)*(0.00, 0.00, 0.00)*(1.00, 1.00, 1.00)
Facility*0*(0.00, 2.50, 3.00)*(0.00, 0.00, 0.00)*(1.00, 1.00, 1.00)
Facility*0*(0.00, 1.50, 16.00)*(0.00, 0.00, 0.00)*(1.00, 1.00, 1.00)
Facility*0*(0.00, 1.50, 17.00)*(0.00, 0.00, 0.00)*(1.00, 1.00, 1.00)
Facility*0*(0.00, 1.50, 18.00)*(0.00, 0.00, 0.00)*(1.00, 1.00, 1.00)
Facility*0*(0.00, 1.50, 15.00)*(0.00, 0.00, 0.00)*(1.00, 1.00, 1.00)
Facility*0*(0.00, 1.50, 14.00)*(0.00, 0.00, 0.00)*(1.00, 1.00, 1.00)
Facility*0*(0.00, 1.50, 13.00)*(0.00, 0.00, 0.00)*(1.00, 1.00, 1.00)
Facility*0*(0.00, 1.50, 12.00)*(0.00, 0.00, 0.00)*(1.00, 1.00, 1.00)
Facility*0*(0.00, 1.50, 11.00)*(0.00, 0.00, 0.00)*(1.00, 1.00, 1.00)
Facility*0*(0.00, 1.50, 10.00)*(0.00, 0.00, 0.00)*(1.00, 1.00, 1.00)
Facility*0*(0.00, 1.50, 9.00)*(0.00, 0.00, 0.00)*(1.00, 1.00, 1.00)
Facility*0*(0.00, 1.50, 8.00)*(0.00, 0.00, 0.00)*(1.00, 1.00, 1.00)
Facility*0*(0.00, 1.50, 7.00)*(0.00, 0.00, 0.00)*(1.00, 1.00, 1.00)
Facility*0*(0.00, 1.50, 6.00)*(0.00, 0.00, 0.00)*(1.00, 1.00, 1.00)
Facility*0*(0.00, 1.50, 5.00)*(0.00, 0.00, 0.00)*(1.00, 1.00, 1.00)
Facility*0*(0.00, 1.50, 4.00)*(0.00, 0.00, 0.00)*(1.00, 1.00, 1.00)
Facility*0*(0.00, 1.50, 3.00)*(0.00, 0.00, 0.00)*(1.00, 1.00, 1.00)
Facility*0*(0.00, 1.50, 2.00)*(0.00, 0.00, 0.00)*(1.00, 1.00, 1.00)
Facility*0*(2.00, 0.50, 5.00)*(0.00, 0.00, 0.00)*(1.00, 1.00, 1.00)
Facility*0*(2.00, 0.50, 14.00)*(0.00, 0.00, 0.00)*(1.00, 1.00, 1.00)
Facility*0*(2.00, 0.50, 13.00)*(0.00, 0.00, 0.00)*(1.00, 1.00, 1.00)
Facility*0*(2.00, 0.50, 12.00)*(0.00, 0.00, 0.00)*(1.00, 1.00, 1.00)
Facility*0*(2.00, 0.50, 11.00)*(0.00, 0.00, 0.00)*(1.00, 1.00, 1.00)
Facility*0*(2.00, 0.50, 10.00)*(0.00, 0.00, 0.00)*(1.00, 1.00, 1.00)
Facility*0*(2.00, 0.50, 9.00)*(0.00, 0.00, 0.00)*(1.00, 1.00, 1.00)
Facility*0*(2.00, 0.50, 8.00)*(0.00, 0.00, 0.00)*(1.00, 1.00, 1.00)
Facility*0*(2.00, 0.50, 7.00)*(0.00, 0.00, 0.00)*(1.00, 1.00, 1.00)
Facility*0*(2.00, 0.50, 6.00)*(0.00, 0.00, 0.00)*(1.00, 1.00, 1.00)
Facility*0*(2.00, 0.50, 15.00)*(0.00, 0.00, 0.00)*(1.00, 1.00, 1.00)
Facility*0*(4.00, 0.50, 5.00)*(0.00, 0.00, 0.00)*(1.00, 1.00, 1.00)
Facility*0*(4.00, 0.50, 14.00)*(0.00, 0.00, 0.00)*(1.00, 1.00, 1.00)
Facility*0*(4.00, 0.50, 13.00)*(0.00, 0.00, 0.00)*(1.00, 1.00, 1.00)
Facility*0*(4.00, 0.50, 12.00)*(0.00, 0.00, 0.00)*(1.00, 1.00, 1.00)
Facility*0*(4.00, 0.50, 11.00)*(0.00, 0.00, 0.00)*(1.00, 1.00, 1.00)
Facility*0*(4.00, 0.50, 10.00)*(0.00, 0.00, 0.00)*(1.00, 1.00, 1.00)
Facility*0*(4.00, 0.50, 9.00)*(0.00, 0.00, 0.00)*(1.00, 1.00, 1.00)
Facility*0*(4.00, 0.50, 8.00)*(0.00, 0.00, 0.00)*(1.00, 1.00, 1.00)
Facility*0*(4.00, 0.50, 7.00)*(0.00, 0.00, 0.00)*(1.00, 1.00, 1.00)
Facility*0*(4.00, 0.50, 6.00)*(0.00, 0.00, 0.00)*(1.00, 1.00, 1.00)
Facility*0*(4.00, 0.50, 15.00)*(0.00, 0.00, 0.00)*(1.00, 1.00, 1.00)
Facility*0*(3.00, 0.50, 5.00)*(0.00, 0.00, 0.00)*(1.00, 1.00, 1.00)
Facility*0*(3.00, 0.50, 14.00)*(0.00, 0.00, 0.00)*(1.00, 1.00, 1.00)
Facility*0*(3.00, 0.50, 13.00)*(0.00, 0.00, 0.00)*(1.00, 1.00, 1.00)
Facility*0*(3.00, 0.50, 12.00)*(0.00, 0.00, 0.00)*(1.00, 1.00, 1.00)
Facility*0*(3.00, 0.50, 11.00)*(0.00, 0.00, 0.00)*(1.00, 1.00, 1.00)
Facility*0*(3.00, 0.50, 10.00)*(0.00, 0.00, 0.00)*(1.00, 1.00, 1.00)
Facility*0*(3.00, 0.50, 9.00)*(0.00, 0.00, 0.00)*(1.00, 1.00, 1.00)
Facility*0*(3.00, 0.50, 8.00)*(0.00, 0.00, 0.00)*(1.00, 1.00, 1.00)
Facility*0*(3.00, 0.50, 7.00)*(0.00, 0.00, 0.00)*(1.00, 1.00, 1.00)
Facility*0*(3.00, 0.50, 6.00)*(0.00, 0.00, 0.00)*(1.00, 1.00, 1.00)
Facility*0*(3.00, 0.50, 15.00)*(0.00, 0.00, 0.00)*(1.00, 1.00, 1.00)
Facility*2*(3.00, 1.00, 4.00)*(0.00, 90.00, 0.00)*(1.00, 1.00, 1.00)
Facility*2*(3.00, 1.00, 16.00)*(0.00, 90.00, 0.00)*(1.00, 1.00, 1.00)
Facility*2*(5.00, 1.00, 11.00)*(0.00, 90.00, 0.00)*(1.00, 1.00, 1.00)
Facility*2*(5.00, 1.00, 10.00)*(0.00, 90.00, 0.00)*(1.00, 1.00, 1.00)
Facility*2*(5.00, 1.00, 9.00)*(0.00, 90.00, 0.00)*(1.00, 1.00, 1.00)
Facility*2*(2.00, 2.00, 4.00)*(0.00, 90.00, 0.00)*(1.00, 1.00, 1.00)
Facility*2*(2.00, 2.00, 16.00)*(0.00, 90.00, 0.00)*(1.00, 1.00, 1.00)
Facility*2*(1.00, 2.00, 8.00)*(0.00, 0.00, 0.00)*(1.00, 1.00, 1.00)
Facility*2*(1.00, 2.00, 12.00)*(0.00, 180.00, 0.00)*(1.00, 1.00, 1.00)
sceneEnd
(3, 1, 10)*(1, 2)*0*True*False*False*True
structEnd
Infantryman*0*ENGINEER*8*12*4*2*6*(4, 1, 10)*0,1,2,3
Infantryman*0*INFANTRYMAN*8*12*4*2*6*(4, 1, 11)*0,1,2
Infantryman*0*INFANTRYMAN*8*12*4*2*6*(4, 1, 9)*0,1,2
unitEnd

