Tiles
*
11.36, 8.00, 10.00
*
0.00, 0.00, 0.00*False,PosZ*0, 0, 0
10.00, 0.00, 0.00*False,PosZ*10, 0, 0
9.00, 0.00, 0.00*False,PosZ*9, 0, 0
8.00, 0.00, 0.00*False,PosZ*8, 0, 0
7.00, 0.00, 0.00*False,PosZ*7, 0, 0
6.00, 0.00, 0.00*False,PosZ*6, 0, 0
5.00, 0.00, 0.00*False,PosZ*5, 0, 0
4.00, 0.00, 0.00*False,PosZ*4, 0, 0
3.00, 0.00, 0.00*False,PosZ*3, 0, 0
2.00, 0.00, 0.00*False,PosZ*2, 0, 0
1.00, 0.00, 0.00*False,PosZ*1, 0, 0
0.00, 0.00, 10.00*False,PosZ*0, 0, 10
10.00, 0.00, 10.00*False,PosZ*10, 0, 10
9.00, 0.00, 10.00*False,PosZ*9, 0, 10
8.00, 0.00, 10.00*False,PosZ*8, 0, 10
7.00, 0.00, 10.00*False,PosZ*7, 0, 10
6.00, 0.00, 10.00*False,PosZ*6, 0, 10
5.00, 0.00, 10.00*False,PosZ*5, 0, 10
4.00, 0.00, 10.00*False,PosZ*4, 0, 10
3.00, 0.00, 10.00*False,PosZ*3, 0, 10
2.00, 0.00, 10.00*False,PosZ*2, 0, 10
1.00, 0.00, 10.00*False,PosZ*1, 0, 10
0.00, 0.00, 9.00*False,PosZ*0, 0, 9
10.00, 0.00, 9.00*False,PosZ*10, 0, 9
9.00, 0.00, 9.00*False,PosZ*9, 0, 9
8.00, 0.00, 9.00*False,PosZ*8, 0, 9
7.00, 0.00, 9.00*False,PosZ*7, 0, 9
6.00, 0.00, 9.00*False,PosZ*6, 0, 9
4.00, 0.00, 9.00*False,PosZ*4, 0, 9
3.00, 0.00, 9.00*False,PosZ*3, 0, 9
2.00, 0.00, 9.00*False,PosZ*2, 0, 9
0.00, 0.00, 8.00*False,PosZ*0, 0, 8
10.00, 0.00, 8.00*False,PosZ*10, 0, 8
9.00, 0.00, 8.00*False,PosZ*9, 0, 8
8.00, 0.00, 8.00*False,PosZ*8, 0, 8
7.00, 0.00, 8.00*False,PosZ*7, 0, 8
6.00, 0.00, 8.00*False,PosZ*6, 0, 8
5.00, 0.00, 8.00*False,PosZ*5, 0, 8
5.00, 2.00, 8.00*False,PosZ*5, 2, 8
1.00, 2.00, 8.00*False,PosZ*1, 2, 8
4.00, 2.00, 8.00*False,PosZ*4, 2, 8
3.00, 2.00, 8.00*False,PosZ*3, 2, 8
2.00, 2.00, 8.00*False,PosZ*2, 2, 8
4.00, 0.00, 8.00*False,PosZ*4, 0, 8
3.00, 0.00, 8.00*False,PosZ*3, 0, 8
2.00, 0.00, 8.00*False,PosZ*2, 0, 8
1.00, 0.00, 8.00*False,PosZ*1, 0, 8
0.00, 0.00, 7.00*False,PosZ*0, 0, 7
10.00, 0.00, 7.00*False,PosZ*10, 0, 7
9.00, 0.00, 7.00*False,PosZ*9, 0, 7
8.00, 0.00, 7.00*False,PosZ*8, 0, 7
7.00, 0.00, 7.00*False,PosZ*7, 0, 7
6.00, 0.00, 7.00*False,PosZ*6, 0, 7
5.00, 0.00, 7.00*False,PosZ*5, 0, 7
5.00, 2.00, 7.00*False,PosZ*5, 2, 7
1.00, 2.00, 7.00*False,PosZ*1, 2, 7
4.00, 2.00, 7.00*False,PosZ*4, 2, 7
3.00, 2.00, 7.00*False,PosZ*3, 2, 7
2.00, 2.00, 7.00*False,PosZ*2, 2, 7
4.00, 0.00, 7.00*False,PosZ*4, 0, 7
3.00, 0.00, 7.00*False,PosZ*3, 0, 7
2.00, 0.00, 7.00*False,PosZ*2, 0, 7
1.00, 0.00, 7.00*False,PosZ*1, 0, 7
0.00, 0.00, 6.00*False,PosZ*0, 0, 6
10.00, 0.00, 6.00*False,PosZ*10, 0, 6
11.00, 0.00, 6.00*False,PosZ*11, 0, 6
9.00, 0.00, 6.00*False,PosZ*9, 0, 6
8.00, 0.00, 6.00*False,PosZ*8, 0, 6
7.00, 0.00, 6.00*False,PosZ*7, 0, 6
6.00, 0.00, 6.00*False,PosZ*6, 0, 6
5.00, 0.00, 6.00*False,PosZ*5, 0, 6
5.00, 2.00, 6.00*False,PosZ*5, 2, 6
1.00, 2.00, 6.00*False,PosZ*1, 2, 6
4.00, 2.00, 6.00*False,PosZ*4, 2, 6
4.00, 2.00, 5.00*False,PosZ*4, 2, 5
2.00, 2.00, 5.00*False,PosZ*2, 2, 5
2.00, 2.00, 4.00*False,PosZ*2, 2, 4
1.00, 2.00, 4.00*False,PosZ*1, 2, 4
2.00, 2.00, 9.00*False,PosZ*2, 2, 9
4.00, 2.00, 9.00*False,PosZ*4, 2, 9
3.00, 2.00, 9.00*False,PosZ*3, 2, 9
3.00, 2.00, 5.00*False,PosZ*3, 2, 5
3.00, 2.00, 6.00*False,PosZ*3, 2, 6
2.00, 2.00, 6.00*False,PosZ*2, 2, 6
4.00, 0.00, 6.00*False,PosZ*4, 0, 6
3.00, 0.00, 6.00*False,PosZ*3, 0, 6
2.00, 0.00, 6.00*False,PosZ*2, 0, 6
1.00, 0.00, 6.00*False,PosZ*1, 0, 6
0.00, 0.00, 5.00*False,PosZ*0, 0, 5
10.00, 0.00, 5.00*False,PosZ*10, 0, 5
11.00, 0.00, 5.00*False,PosZ*11, 0, 5
9.00, 0.00, 5.00*False,PosZ*9, 0, 5
8.00, 0.00, 5.00*False,PosZ*8, 0, 5
7.00, 0.00, 5.00*False,PosZ*7, 0, 5
6.00, 0.00, 5.00*False,PosZ*6, 0, 5
4.00, 0.00, 5.00*False,PosZ*4, 0, 5
3.00, 0.00, 5.00*False,PosZ*3, 0, 5
2.00, 0.00, 5.00*False,PosZ*2, 0, 5
0.00, 0.00, 4.00*False,PosZ*0, 0, 4
10.00, 0.00, 4.00*False,PosZ*10, 0, 4
11.00, 0.00, 4.00*False,PosZ*11, 0, 4
9.00, 0.00, 4.00*False,PosZ*9, 0, 4
8.00, 0.00, 4.00*False,PosZ*8, 0, 4
7.00, 0.00, 4.00*False,PosZ*7, 0, 4
6.00, 0.00, 4.00*False,PosZ*6, 0, 4
0.00, 0.00, 3.00*False,PosZ*0, 0, 3
10.00, 0.00, 3.00*False,PosZ*10, 0, 3
9.00, 0.00, 3.00*False,PosZ*9, 0, 3
8.00, 0.00, 3.00*False,PosZ*8, 0, 3
7.00, 0.00, 3.00*False,PosZ*7, 0, 3
6.00, 0.00, 3.00*False,PosZ*6, 0, 3
5.00, 0.00, 3.00*False,PosZ*5, 0, 3
5.00, 0.00, 4.00*False,PosZ*5, 0, 4
4.00, 1.00, 4.00*True,PosX*4, 1, 4
3.00, 2.00, 4.00*True,PosX*3, 2, 4
4.00, 0.00, 3.00*False,PosZ*4, 0, 3
3.00, 0.00, 3.00*False,PosZ*3, 0, 3
2.00, 0.00, 3.00*False,PosZ*2, 0, 3
1.00, 0.00, 3.00*False,PosZ*1, 0, 3
0.00, 0.00, 2.00*False,PosZ*0, 0, 2
10.00, 0.00, 2.00*False,PosZ*10, 0, 2
9.00, 0.00, 2.00*False,PosZ*9, 0, 2
8.00, 0.00, 2.00*False,PosZ*8, 0, 2
7.00, 0.00, 2.00*False,PosZ*7, 0, 2
6.00, 0.00, 2.00*False,PosZ*6, 0, 2
5.00, 0.00, 2.00*False,PosZ*5, 0, 2
4.00, 0.00, 2.00*False,PosZ*4, 0, 2
3.00, 0.00, 2.00*False,PosZ*3, 0, 2
2.00, 0.00, 2.00*False,PosZ*2, 0, 2
1.00, 0.00, 2.00*False,PosZ*1, 0, 2
0.00, 0.00, 1.00*False,PosZ*0, 0, 1
10.00, 0.00, 1.00*False,PosZ*10, 0, 1
9.00, 0.00, 1.00*False,PosZ*9, 0, 1
8.00, 0.00, 1.00*False,PosZ*8, 0, 1
7.00, 0.00, 1.00*False,PosZ*7, 0, 1
6.00, 0.00, 1.00*False,PosZ*6, 0, 1
5.00, 0.00, 1.00*False,PosZ*5, 0, 1
4.00, 0.00, 1.00*False,PosZ*4, 0, 1
3.00, 0.00, 1.00*False,PosZ*3, 0, 1
2.00, 0.00, 1.00*False,PosZ*2, 0, 1
1.00, 0.00, 1.00*False,PosZ*1, 0, 1
fileEnd
Desert*1*(0.00, 0.00, 0.00)*(0.00, 0.00, 0.00)*(1.00, 1.00, 1.00)
Desert*1*(0.00, 0.00, 11.00)*(0.00, 0.00, 0.00)*(1.00, 1.00, 1.00)
Desert*1*(-11.00, 0.00, 11.00)*(0.00, 0.00, 0.00)*(1.00, 1.00, 1.00)
Desert*1*(-11.00, 0.00, -11.00)*(0.00, 0.00, 0.00)*(1.00, 1.00, 1.00)
Desert*1*(11.00, 0.00, -11.00)*(0.00, 0.00, 0.00)*(1.00, 1.00, 1.00)
Desert*1*(11.00, 0.00, 0.00)*(0.00, 0.00, 0.00)*(1.00, 1.00, 1.00)
Desert*1*(11.00, 0.00, 11.00)*(0.00, 0.00, 0.00)*(1.00, 1.00, 1.00)
Desert*1*(0.00, 0.00, -11.00)*(0.00, 0.00, 0.00)*(1.00, 1.00, 1.00)
Desert*1*(-11.00, 0.00, 0.00)*(0.00, 0.00, 0.00)*(1.00, 1.00, 1.00)
Desert*1*(7.00, 0.00, 0.00)*(0.00, 0.00, 0.00)*(1.00, 1.00, 1.00)
Desert*1*(7.00, 0.00, 11.00)*(0.00, 0.00, 0.00)*(1.00, 1.00, 1.00)
Desert*1*(-4.00, 0.00, 11.00)*(0.00, 0.00, 0.00)*(1.00, 1.00, 1.00)
Desert*1*(-4.00, 0.00, -11.00)*(0.00, 0.00, 0.00)*(1.00, 1.00, 1.00)
Desert*1*(18.00, 0.00, -11.00)*(0.00, 0.00, 0.00)*(1.00, 1.00, 1.00)
Desert*1*(18.00, 0.00, 0.00)*(0.00, 0.00, 0.00)*(1.00, 1.00, 1.00)
Desert*1*(18.00, 0.00, 11.00)*(0.00, 0.00, 0.00)*(1.00, 1.00, 1.00)
Desert*1*(7.00, 0.00, -11.00)*(0.00, 0.00, 0.00)*(1.00, 1.00, 1.00)
Desert*1*(-4.00, 0.00, 0.00)*(0.00, 0.00, 0.00)*(1.00, 1.00, 1.00)
Desert*1*(10.00, 0.00, 0.00)*(0.00, 0.00, 0.00)*(1.00, 1.00, 1.00)
Desert*1*(10.00, 0.00, 11.00)*(0.00, 0.00, 0.00)*(1.00, 1.00, 1.00)
Desert*1*(-1.00, 0.00, 11.00)*(0.00, 0.00, 0.00)*(1.00, 1.00, 1.00)
Desert*1*(-1.00, 0.00, -11.00)*(0.00, 0.00, 0.00)*(1.00, 1.00, 1.00)
Desert*1*(21.00, 0.00, -11.00)*(0.00, 0.00, 0.00)*(1.00, 1.00, 1.00)
Desert*1*(21.00, 0.00, 0.00)*(0.00, 0.00, 0.00)*(1.00, 1.00, 1.00)
Desert*1*(21.00, 0.00, 11.00)*(0.00, 0.00, 0.00)*(1.00, 1.00, 1.00)
Desert*1*(10.00, 0.00, -11.00)*(0.00, 0.00, 0.00)*(1.00, 1.00, 1.00)
Desert*1*(-1.00, 0.00, 0.00)*(0.00, 0.00, 0.00)*(1.00, 1.00, 1.00)
Desert*1*(9.00, 0.00, 0.00)*(0.00, 0.00, 0.00)*(1.00, 1.00, 1.00)
Desert*1*(9.00, 0.00, 11.00)*(0.00, 0.00, 0.00)*(1.00, 1.00, 1.00)
Desert*1*(-2.00, 0.00, 11.00)*(0.00, 0.00, 0.00)*(1.00, 1.00, 1.00)
Desert*1*(-2.00, 0.00, -11.00)*(0.00, 0.00, 0.00)*(1.00, 1.00, 1.00)
Desert*1*(20.00, 0.00, -11.00)*(0.00, 0.00, 0.00)*(1.00, 1.00, 1.00)
Desert*1*(20.00, 0.00, 0.00)*(0.00, 0.00, 0.00)*(1.00, 1.00, 1.00)
Desert*1*(20.00, 0.00, 11.00)*(0.00, 0.00, 0.00)*(1.00, 1.00, 1.00)
Desert*1*(9.00, 0.00, -11.00)*(0.00, 0.00, 0.00)*(1.00, 1.00, 1.00)
Desert*1*(-2.00, 0.00, 0.00)*(0.00, 0.00, 0.00)*(1.00, 1.00, 1.00)
Desert*1*(8.00, 0.00, 0.00)*(0.00, 0.00, 0.00)*(1.00, 1.00, 1.00)
Desert*1*(8.00, 0.00, 11.00)*(0.00, 0.00, 0.00)*(1.00, 1.00, 1.00)
Desert*1*(-3.00, 0.00, 11.00)*(0.00, 0.00, 0.00)*(1.00, 1.00, 1.00)
Desert*1*(-3.00, 0.00, -11.00)*(0.00, 0.00, 0.00)*(1.00, 1.00, 1.00)
Desert*1*(19.00, 0.00, -11.00)*(0.00, 0.00, 0.00)*(1.00, 1.00, 1.00)
Desert*1*(19.00, 0.00, 0.00)*(0.00, 0.00, 0.00)*(1.00, 1.00, 1.00)
Desert*1*(19.00, 0.00, 11.00)*(0.00, 0.00, 0.00)*(1.00, 1.00, 1.00)
Desert*1*(8.00, 0.00, -11.00)*(0.00, 0.00, 0.00)*(1.00, 1.00, 1.00)
Desert*1*(-3.00, 0.00, 0.00)*(0.00, 0.00, 0.00)*(1.00, 1.00, 1.00)
Desert*1*(6.00, 0.00, 0.00)*(0.00, 0.00, 0.00)*(1.00, 1.00, 1.00)
Desert*1*(6.00, 0.00, 11.00)*(0.00, 0.00, 0.00)*(1.00, 1.00, 1.00)
Desert*1*(-5.00, 0.00, 11.00)*(0.00, 0.00, 0.00)*(1.00, 1.00, 1.00)
Desert*1*(-5.00, 0.00, -11.00)*(0.00, 0.00, 0.00)*(1.00, 1.00, 1.00)
Desert*1*(17.00, 0.00, -11.00)*(0.00, 0.00, 0.00)*(1.00, 1.00, 1.00)
Desert*1*(17.00, 0.00, 0.00)*(0.00, 0.00, 0.00)*(1.00, 1.00, 1.00)
Desert*1*(17.00, 0.00, 11.00)*(0.00, 0.00, 0.00)*(1.00, 1.00, 1.00)
Desert*1*(6.00, 0.00, -11.00)*(0.00, 0.00, 0.00)*(1.00, 1.00, 1.00)
Desert*1*(-5.00, 0.00, 0.00)*(0.00, 0.00, 0.00)*(1.00, 1.00, 1.00)
Desert*1*(5.00, 0.00, 0.00)*(0.00, 0.00, 0.00)*(1.00, 1.00, 1.00)
Desert*1*(5.00, 0.00, 11.00)*(0.00, 0.00, 0.00)*(1.00, 1.00, 1.00)
Desert*1*(-6.00, 0.00, 11.00)*(0.00, 0.00, 0.00)*(1.00, 1.00, 1.00)
Desert*1*(-6.00, 0.00, -11.00)*(0.00, 0.00, 0.00)*(1.00, 1.00, 1.00)
Desert*1*(16.00, 0.00, -11.00)*(0.00, 0.00, 0.00)*(1.00, 1.00, 1.00)
Desert*1*(16.00, 0.00, 0.00)*(0.00, 0.00, 0.00)*(1.00, 1.00, 1.00)
Desert*1*(16.00, 0.00, 11.00)*(0.00, 0.00, 0.00)*(1.00, 1.00, 1.00)
Desert*1*(5.00, 0.00, -11.00)*(0.00, 0.00, 0.00)*(1.00, 1.00, 1.00)
Desert*1*(-6.00, 0.00, 0.00)*(0.00, 0.00, 0.00)*(1.00, 1.00, 1.00)
Desert*1*(4.00, 0.00, 0.00)*(0.00, 0.00, 0.00)*(1.00, 1.00, 1.00)
Desert*1*(4.00, 0.00, 11.00)*(0.00, 0.00, 0.00)*(1.00, 1.00, 1.00)
Desert*1*(-7.00, 0.00, 11.00)*(0.00, 0.00, 0.00)*(1.00, 1.00, 1.00)
Desert*1*(-7.00, 0.00, -11.00)*(0.00, 0.00, 0.00)*(1.00, 1.00, 1.00)
Desert*1*(15.00, 0.00, -11.00)*(0.00, 0.00, 0.00)*(1.00, 1.00, 1.00)
Desert*1*(15.00, 0.00, 0.00)*(0.00, 0.00, 0.00)*(1.00, 1.00, 1.00)
Desert*1*(15.00, 0.00, 11.00)*(0.00, 0.00, 0.00)*(1.00, 1.00, 1.00)
Desert*1*(4.00, 0.00, -11.00)*(0.00, 0.00, 0.00)*(1.00, 1.00, 1.00)
Desert*1*(-7.00, 0.00, 0.00)*(0.00, 0.00, 0.00)*(1.00, 1.00, 1.00)
Desert*1*(3.00, 0.00, 0.00)*(0.00, 0.00, 0.00)*(1.00, 1.00, 1.00)
Desert*1*(3.00, 0.00, 11.00)*(0.00, 0.00, 0.00)*(1.00, 1.00, 1.00)
Desert*1*(-8.00, 0.00, 11.00)*(0.00, 0.00, 0.00)*(1.00, 1.00, 1.00)
Desert*1*(-8.00, 0.00, -11.00)*(0.00, 0.00, 0.00)*(1.00, 1.00, 1.00)
Desert*1*(14.00, 0.00, -11.00)*(0.00, 0.00, 0.00)*(1.00, 1.00, 1.00)
Desert*1*(14.00, 0.00, 0.00)*(0.00, 0.00, 0.00)*(1.00, 1.00, 1.00)
Desert*1*(14.00, 0.00, 11.00)*(0.00, 0.00, 0.00)*(1.00, 1.00, 1.00)
Desert*1*(3.00, 0.00, -11.00)*(0.00, 0.00, 0.00)*(1.00, 1.00, 1.00)
Desert*1*(-8.00, 0.00, 0.00)*(0.00, 0.00, 0.00)*(1.00, 1.00, 1.00)
Desert*1*(2.00, 0.00, 0.00)*(0.00, 0.00, 0.00)*(1.00, 1.00, 1.00)
Desert*1*(2.00, 0.00, 11.00)*(0.00, 0.00, 0.00)*(1.00, 1.00, 1.00)
Desert*1*(-9.00, 0.00, 11.00)*(0.00, 0.00, 0.00)*(1.00, 1.00, 1.00)
Desert*1*(-9.00, 0.00, -11.00)*(0.00, 0.00, 0.00)*(1.00, 1.00, 1.00)
Desert*1*(13.00, 0.00, -11.00)*(0.00, 0.00, 0.00)*(1.00, 1.00, 1.00)
Desert*1*(13.00, 0.00, 0.00)*(0.00, 0.00, 0.00)*(1.00, 1.00, 1.00)
Desert*1*(13.00, 0.00, 11.00)*(0.00, 0.00, 0.00)*(1.00, 1.00, 1.00)
Desert*1*(2.00, 0.00, -11.00)*(0.00, 0.00, 0.00)*(1.00, 1.00, 1.00)
Desert*1*(-9.00, 0.00, 0.00)*(0.00, 0.00, 0.00)*(1.00, 1.00, 1.00)
Desert*1*(1.00, 0.00, 0.00)*(0.00, 0.00, 0.00)*(1.00, 1.00, 1.00)
Desert*1*(1.00, 0.00, 11.00)*(0.00, 0.00, 0.00)*(1.00, 1.00, 1.00)
Desert*1*(-10.00, 0.00, 11.00)*(0.00, 0.00, 0.00)*(1.00, 1.00, 1.00)
Desert*1*(-10.00, 0.00, -11.00)*(0.00, 0.00, 0.00)*(1.00, 1.00, 1.00)
Desert*1*(12.00, 0.00, -11.00)*(0.00, 0.00, 0.00)*(1.00, 1.00, 1.00)
Desert*1*(12.00, 0.00, 0.00)*(0.00, 0.00, 0.00)*(1.00, 1.00, 1.00)
Desert*1*(12.00, 0.00, 11.00)*(0.00, 0.00, 0.00)*(1.00, 1.00, 1.00)
Desert*1*(1.00, 0.00, -11.00)*(0.00, 0.00, 0.00)*(1.00, 1.00, 1.00)
Desert*1*(-10.00, 0.00, 0.00)*(0.00, 0.00, 0.00)*(1.00, 1.00, 1.00)
Desert*1*(0.00, 0.00, 1.00)*(0.00, 0.00, 0.00)*(1.00, 1.00, 1.00)
Desert*1*(0.00, 0.00, 12.00)*(0.00, 0.00, 0.00)*(1.00, 1.00, 1.00)
Desert*1*(-11.00, 0.00, 12.00)*(0.00, 0.00, 0.00)*(1.00, 1.00, 1.00)
Desert*1*(-11.00, 0.00, -10.00)*(0.00, 0.00, 0.00)*(1.00, 1.00, 1.00)
Desert*1*(11.00, 0.00, -10.00)*(0.00, 0.00, 0.00)*(1.00, 1.00, 1.00)
Desert*1*(11.00, 0.00, 1.00)*(0.00, 0.00, 0.00)*(1.00, 1.00, 1.00)
Desert*1*(11.00, 0.00, 12.00)*(0.00, 0.00, 0.00)*(1.00, 1.00, 1.00)
Desert*1*(0.00, 0.00, -10.00)*(0.00, 0.00, 0.00)*(1.00, 1.00, 1.00)
Desert*1*(-11.00, 0.00, 1.00)*(0.00, 0.00, 0.00)*(1.00, 1.00, 1.00)
Desert*1*(7.00, 0.00, 1.00)*(0.00, 0.00, 0.00)*(1.00, 1.00, 1.00)
Desert*1*(7.00, 0.00, 12.00)*(0.00, 0.00, 0.00)*(1.00, 1.00, 1.00)
Desert*1*(-4.00, 0.00, 12.00)*(0.00, 0.00, 0.00)*(1.00, 1.00, 1.00)
Desert*1*(-4.00, 0.00, -10.00)*(0.00, 0.00, 0.00)*(1.00, 1.00, 1.00)
Desert*1*(18.00, 0.00, -10.00)*(0.00, 0.00, 0.00)*(1.00, 1.00, 1.00)
Desert*1*(18.00, 0.00, 1.00)*(0.00, 0.00, 0.00)*(1.00, 1.00, 1.00)
Desert*1*(18.00, 0.00, 12.00)*(0.00, 0.00, 0.00)*(1.00, 1.00, 1.00)
Desert*1*(7.00, 0.00, -10.00)*(0.00, 0.00, 0.00)*(1.00, 1.00, 1.00)
Desert*1*(-4.00, 0.00, 1.00)*(0.00, 0.00, 0.00)*(1.00, 1.00, 1.00)
Desert*1*(10.00, 0.00, 1.00)*(0.00, 0.00, 0.00)*(1.00, 1.00, 1.00)
Desert*1*(10.00, 0.00, 12.00)*(0.00, 0.00, 0.00)*(1.00, 1.00, 1.00)
Desert*1*(-1.00, 0.00, 12.00)*(0.00, 0.00, 0.00)*(1.00, 1.00, 1.00)
Desert*1*(-1.00, 0.00, -10.00)*(0.00, 0.00, 0.00)*(1.00, 1.00, 1.00)
Desert*1*(21.00, 0.00, -10.00)*(0.00, 0.00, 0.00)*(1.00, 1.00, 1.00)
Desert*1*(21.00, 0.00, 1.00)*(0.00, 0.00, 0.00)*(1.00, 1.00, 1.00)
Desert*1*(21.00, 0.00, 12.00)*(0.00, 0.00, 0.00)*(1.00, 1.00, 1.00)
Desert*1*(10.00, 0.00, -10.00)*(0.00, 0.00, 0.00)*(1.00, 1.00, 1.00)
Desert*1*(-1.00, 0.00, 1.00)*(0.00, 0.00, 0.00)*(1.00, 1.00, 1.00)
Desert*1*(9.00, 0.00, 1.00)*(0.00, 0.00, 0.00)*(1.00, 1.00, 1.00)
Desert*1*(9.00, 0.00, 12.00)*(0.00, 0.00, 0.00)*(1.00, 1.00, 1.00)
Desert*1*(-2.00, 0.00, 12.00)*(0.00, 0.00, 0.00)*(1.00, 1.00, 1.00)
Desert*1*(-2.00, 0.00, -10.00)*(0.00, 0.00, 0.00)*(1.00, 1.00, 1.00)
Desert*1*(20.00, 0.00, -10.00)*(0.00, 0.00, 0.00)*(1.00, 1.00, 1.00)
Desert*1*(20.00, 0.00, 1.00)*(0.00, 0.00, 0.00)*(1.00, 1.00, 1.00)
Desert*1*(20.00, 0.00, 12.00)*(0.00, 0.00, 0.00)*(1.00, 1.00, 1.00)
Desert*1*(9.00, 0.00, -10.00)*(0.00, 0.00, 0.00)*(1.00, 1.00, 1.00)
Desert*1*(-2.00, 0.00, 1.00)*(0.00, 0.00, 0.00)*(1.00, 1.00, 1.00)
Desert*1*(8.00, 0.00, 1.00)*(0.00, 0.00, 0.00)*(1.00, 1.00, 1.00)
Desert*1*(8.00, 0.00, 12.00)*(0.00, 0.00, 0.00)*(1.00, 1.00, 1.00)
Desert*1*(-3.00, 0.00, 12.00)*(0.00, 0.00, 0.00)*(1.00, 1.00, 1.00)
Desert*1*(-3.00, 0.00, -10.00)*(0.00, 0.00, 0.00)*(1.00, 1.00, 1.00)
Desert*1*(19.00, 0.00, -10.00)*(0.00, 0.00, 0.00)*(1.00, 1.00, 1.00)
Desert*1*(19.00, 0.00, 1.00)*(0.00, 0.00, 0.00)*(1.00, 1.00, 1.00)
Desert*1*(19.00, 0.00, 12.00)*(0.00, 0.00, 0.00)*(1.00, 1.00, 1.00)
Desert*1*(8.00, 0.00, -10.00)*(0.00, 0.00, 0.00)*(1.00, 1.00, 1.00)
Desert*1*(-3.00, 0.00, 1.00)*(0.00, 0.00, 0.00)*(1.00, 1.00, 1.00)
Desert*1*(6.00, 0.00, 1.00)*(0.00, 0.00, 0.00)*(1.00, 1.00, 1.00)
Desert*1*(6.00, 0.00, 12.00)*(0.00, 0.00, 0.00)*(1.00, 1.00, 1.00)
Desert*1*(-5.00, 0.00, 12.00)*(0.00, 0.00, 0.00)*(1.00, 1.00, 1.00)
Desert*1*(-5.00, 0.00, -10.00)*(0.00, 0.00, 0.00)*(1.00, 1.00, 1.00)
Desert*1*(17.00, 0.00, -10.00)*(0.00, 0.00, 0.00)*(1.00, 1.00, 1.00)
Desert*1*(17.00, 0.00, 1.00)*(0.00, 0.00, 0.00)*(1.00, 1.00, 1.00)
Desert*1*(17.00, 0.00, 12.00)*(0.00, 0.00, 0.00)*(1.00, 1.00, 1.00)
Desert*1*(6.00, 0.00, -10.00)*(0.00, 0.00, 0.00)*(1.00, 1.00, 1.00)
Desert*1*(-5.00, 0.00, 1.00)*(0.00, 0.00, 0.00)*(1.00, 1.00, 1.00)
Desert*1*(5.00, 0.00, 1.00)*(0.00, 0.00, 0.00)*(1.00, 1.00, 1.00)
Desert*1*(5.00, 0.00, 12.00)*(0.00, 0.00, 0.00)*(1.00, 1.00, 1.00)
Desert*1*(-6.00, 0.00, 12.00)*(0.00, 0.00, 0.00)*(1.00, 1.00, 1.00)
Desert*1*(-6.00, 0.00, -10.00)*(0.00, 0.00, 0.00)*(1.00, 1.00, 1.00)
Desert*1*(16.00, 0.00, -10.00)*(0.00, 0.00, 0.00)*(1.00, 1.00, 1.00)
Desert*1*(16.00, 0.00, 1.00)*(0.00, 0.00, 0.00)*(1.00, 1.00, 1.00)
Desert*1*(16.00, 0.00, 12.00)*(0.00, 0.00, 0.00)*(1.00, 1.00, 1.00)
Desert*1*(5.00, 0.00, -10.00)*(0.00, 0.00, 0.00)*(1.00, 1.00, 1.00)
Desert*1*(-6.00, 0.00, 1.00)*(0.00, 0.00, 0.00)*(1.00, 1.00, 1.00)
Desert*1*(4.00, 0.00, 1.00)*(0.00, 0.00, 0.00)*(1.00, 1.00, 1.00)
Desert*1*(4.00, 0.00, 12.00)*(0.00, 0.00, 0.00)*(1.00, 1.00, 1.00)
Desert*1*(-7.00, 0.00, 12.00)*(0.00, 0.00, 0.00)*(1.00, 1.00, 1.00)
Desert*1*(-7.00, 0.00, -10.00)*(0.00, 0.00, 0.00)*(1.00, 1.00, 1.00)
Desert*1*(15.00, 0.00, -10.00)*(0.00, 0.00, 0.00)*(1.00, 1.00, 1.00)
Desert*1*(15.00, 0.00, 1.00)*(0.00, 0.00, 0.00)*(1.00, 1.00, 1.00)
Desert*1*(15.00, 0.00, 12.00)*(0.00, 0.00, 0.00)*(1.00, 1.00, 1.00)
Desert*1*(4.00, 0.00, -10.00)*(0.00, 0.00, 0.00)*(1.00, 1.00, 1.00)
Desert*1*(-7.00, 0.00, 1.00)*(0.00, 0.00, 0.00)*(1.00, 1.00, 1.00)
Desert*1*(3.00, 0.00, 1.00)*(0.00, 0.00, 0.00)*(1.00, 1.00, 1.00)
Desert*1*(3.00, 0.00, 12.00)*(0.00, 0.00, 0.00)*(1.00, 1.00, 1.00)
Desert*1*(-8.00, 0.00, 12.00)*(0.00, 0.00, 0.00)*(1.00, 1.00, 1.00)
Desert*1*(-8.00, 0.00, -10.00)*(0.00, 0.00, 0.00)*(1.00, 1.00, 1.00)
Desert*1*(14.00, 0.00, -10.00)*(0.00, 0.00, 0.00)*(1.00, 1.00, 1.00)
Desert*1*(14.00, 0.00, 1.00)*(0.00, 0.00, 0.00)*(1.00, 1.00, 1.00)
Desert*1*(14.00, 0.00, 12.00)*(0.00, 0.00, 0.00)*(1.00, 1.00, 1.00)
Desert*1*(3.00, 0.00, -10.00)*(0.00, 0.00, 0.00)*(1.00, 1.00, 1.00)
Desert*1*(-8.00, 0.00, 1.00)*(0.00, 0.00, 0.00)*(1.00, 1.00, 1.00)
Desert*1*(2.00, 0.00, 1.00)*(0.00, 0.00, 0.00)*(1.00, 1.00, 1.00)
Desert*1*(2.00, 0.00, 12.00)*(0.00, 0.00, 0.00)*(1.00, 1.00, 1.00)
Desert*1*(-9.00, 0.00, 12.00)*(0.00, 0.00, 0.00)*(1.00, 1.00, 1.00)
Desert*1*(-9.00, 0.00, -10.00)*(0.00, 0.00, 0.00)*(1.00, 1.00, 1.00)
Desert*1*(13.00, 0.00, -10.00)*(0.00, 0.00, 0.00)*(1.00, 1.00, 1.00)
Desert*1*(13.00, 0.00, 1.00)*(0.00, 0.00, 0.00)*(1.00, 1.00, 1.00)
Desert*1*(13.00, 0.00, 12.00)*(0.00, 0.00, 0.00)*(1.00, 1.00, 1.00)
Desert*1*(2.00, 0.00, -10.00)*(0.00, 0.00, 0.00)*(1.00, 1.00, 1.00)
Desert*1*(-9.00, 0.00, 1.00)*(0.00, 0.00, 0.00)*(1.00, 1.00, 1.00)
Desert*1*(1.00, 0.00, 1.00)*(0.00, 0.00, 0.00)*(1.00, 1.00, 1.00)
Desert*1*(1.00, 0.00, 12.00)*(0.00, 0.00, 0.00)*(1.00, 1.00, 1.00)
Desert*1*(-10.00, 0.00, 12.00)*(0.00, 0.00, 0.00)*(1.00, 1.00, 1.00)
Desert*1*(-10.00, 0.00, -10.00)*(0.00, 0.00, 0.00)*(1.00, 1.00, 1.00)
Desert*1*(12.00, 0.00, -10.00)*(0.00, 0.00, 0.00)*(1.00, 1.00, 1.00)
Desert*1*(12.00, 0.00, 1.00)*(0.00, 0.00, 0.00)*(1.00, 1.00, 1.00)
Desert*1*(12.00, 0.00, 12.00)*(0.00, 0.00, 0.00)*(1.00, 1.00, 1.00)
Desert*1*(1.00, 0.00, -10.00)*(0.00, 0.00, 0.00)*(1.00, 1.00, 1.00)
Desert*1*(-10.00, 0.00, 1.00)*(0.00, 0.00, 0.00)*(1.00, 1.00, 1.00)
Desert*1*(0.00, 0.00, 10.00)*(0.00, 0.00, 0.00)*(1.00, 1.00, 1.00)
Desert*1*(0.00, 0.00, 21.00)*(0.00, 0.00, 0.00)*(1.00, 1.00, 1.00)
Desert*1*(-11.00, 0.00, 21.00)*(0.00, 0.00, 0.00)*(1.00, 1.00, 1.00)
Desert*1*(-11.00, 0.00, -1.00)*(0.00, 0.00, 0.00)*(1.00, 1.00, 1.00)
Desert*1*(11.00, 0.00, -1.00)*(0.00, 0.00, 0.00)*(1.00, 1.00, 1.00)
Desert*1*(11.00, 0.00, 10.00)*(0.00, 0.00, 0.00)*(1.00, 1.00, 1.00)
Desert*1*(11.00, 0.00, 21.00)*(0.00, 0.00, 0.00)*(1.00, 1.00, 1.00)
Desert*1*(0.00, 0.00, -1.00)*(0.00, 0.00, 0.00)*(1.00, 1.00, 1.00)
Desert*1*(-11.00, 0.00, 10.00)*(0.00, 0.00, 0.00)*(1.00, 1.00, 1.00)
Desert*1*(7.00, 0.00, 10.00)*(0.00, 0.00, 0.00)*(1.00, 1.00, 1.00)
Desert*1*(7.00, 0.00, 21.00)*(0.00, 0.00, 0.00)*(1.00, 1.00, 1.00)
Desert*1*(-4.00, 0.00, 21.00)*(0.00, 0.00, 0.00)*(1.00, 1.00, 1.00)
Desert*1*(-4.00, 0.00, -1.00)*(0.00, 0.00, 0.00)*(1.00, 1.00, 1.00)
Desert*1*(18.00, 0.00, -1.00)*(0.00, 0.00, 0.00)*(1.00, 1.00, 1.00)
Desert*1*(18.00, 0.00, 10.00)*(0.00, 0.00, 0.00)*(1.00, 1.00, 1.00)
Desert*1*(18.00, 0.00, 21.00)*(0.00, 0.00, 0.00)*(1.00, 1.00, 1.00)
Desert*1*(7.00, 0.00, -1.00)*(0.00, 0.00, 0.00)*(1.00, 1.00, 1.00)
Desert*1*(-4.00, 0.00, 10.00)*(0.00, 0.00, 0.00)*(1.00, 1.00, 1.00)
Desert*1*(10.00, 0.00, 10.00)*(0.00, 0.00, 0.00)*(1.00, 1.00, 1.00)
Desert*1*(10.00, 0.00, 21.00)*(0.00, 0.00, 0.00)*(1.00, 1.00, 1.00)
Desert*1*(-1.00, 0.00, 21.00)*(0.00, 0.00, 0.00)*(1.00, 1.00, 1.00)
Desert*1*(-1.00, 0.00, -1.00)*(0.00, 0.00, 0.00)*(1.00, 1.00, 1.00)
Desert*1*(21.00, 0.00, -1.00)*(0.00, 0.00, 0.00)*(1.00, 1.00, 1.00)
Desert*1*(21.00, 0.00, 10.00)*(0.00, 0.00, 0.00)*(1.00, 1.00, 1.00)
Desert*1*(21.00, 0.00, 21.00)*(0.00, 0.00, 0.00)*(1.00, 1.00, 1.00)
Desert*1*(10.00, 0.00, -1.00)*(0.00, 0.00, 0.00)*(1.00, 1.00, 1.00)
Desert*1*(-1.00, 0.00, 10.00)*(0.00, 0.00, 0.00)*(1.00, 1.00, 1.00)
Desert*1*(9.00, 0.00, 10.00)*(0.00, 0.00, 0.00)*(1.00, 1.00, 1.00)
Desert*1*(9.00, 0.00, 21.00)*(0.00, 0.00, 0.00)*(1.00, 1.00, 1.00)
Desert*1*(-2.00, 0.00, 21.00)*(0.00, 0.00, 0.00)*(1.00, 1.00, 1.00)
Desert*1*(-2.00, 0.00, -1.00)*(0.00, 0.00, 0.00)*(1.00, 1.00, 1.00)
Desert*1*(20.00, 0.00, -1.00)*(0.00, 0.00, 0.00)*(1.00, 1.00, 1.00)
Desert*1*(20.00, 0.00, 10.00)*(0.00, 0.00, 0.00)*(1.00, 1.00, 1.00)
Desert*1*(20.00, 0.00, 21.00)*(0.00, 0.00, 0.00)*(1.00, 1.00, 1.00)
Desert*1*(9.00, 0.00, -1.00)*(0.00, 0.00, 0.00)*(1.00, 1.00, 1.00)
Desert*1*(-2.00, 0.00, 10.00)*(0.00, 0.00, 0.00)*(1.00, 1.00, 1.00)
Desert*1*(8.00, 0.00, 10.00)*(0.00, 0.00, 0.00)*(1.00, 1.00, 1.00)
Desert*1*(8.00, 0.00, 21.00)*(0.00, 0.00, 0.00)*(1.00, 1.00, 1.00)
Desert*1*(-3.00, 0.00, 21.00)*(0.00, 0.00, 0.00)*(1.00, 1.00, 1.00)
Desert*1*(-3.00, 0.00, -1.00)*(0.00, 0.00, 0.00)*(1.00, 1.00, 1.00)
Desert*1*(19.00, 0.00, -1.00)*(0.00, 0.00, 0.00)*(1.00, 1.00, 1.00)
Desert*1*(19.00, 0.00, 10.00)*(0.00, 0.00, 0.00)*(1.00, 1.00, 1.00)
Desert*1*(19.00, 0.00, 21.00)*(0.00, 0.00, 0.00)*(1.00, 1.00, 1.00)
Desert*1*(8.00, 0.00, -1.00)*(0.00, 0.00, 0.00)*(1.00, 1.00, 1.00)
Desert*1*(-3.00, 0.00, 10.00)*(0.00, 0.00, 0.00)*(1.00, 1.00, 1.00)
Desert*1*(6.00, 0.00, 10.00)*(0.00, 0.00, 0.00)*(1.00, 1.00, 1.00)
Desert*1*(6.00, 0.00, 21.00)*(0.00, 0.00, 0.00)*(1.00, 1.00, 1.00)
Desert*1*(-5.00, 0.00, 21.00)*(0.00, 0.00, 0.00)*(1.00, 1.00, 1.00)
Desert*1*(-5.00, 0.00, -1.00)*(0.00, 0.00, 0.00)*(1.00, 1.00, 1.00)
Desert*1*(17.00, 0.00, -1.00)*(0.00, 0.00, 0.00)*(1.00, 1.00, 1.00)
Desert*1*(17.00, 0.00, 10.00)*(0.00, 0.00, 0.00)*(1.00, 1.00, 1.00)
Desert*1*(17.00, 0.00, 21.00)*(0.00, 0.00, 0.00)*(1.00, 1.00, 1.00)
Desert*1*(6.00, 0.00, -1.00)*(0.00, 0.00, 0.00)*(1.00, 1.00, 1.00)
Desert*1*(-5.00, 0.00, 10.00)*(0.00, 0.00, 0.00)*(1.00, 1.00, 1.00)
Desert*1*(5.00, 0.00, 10.00)*(0.00, 0.00, 0.00)*(1.00, 1.00, 1.00)
Desert*1*(5.00, 0.00, 21.00)*(0.00, 0.00, 0.00)*(1.00, 1.00, 1.00)
Desert*1*(-6.00, 0.00, 21.00)*(0.00, 0.00, 0.00)*(1.00, 1.00, 1.00)
Desert*1*(-6.00, 0.00, -1.00)*(0.00, 0.00, 0.00)*(1.00, 1.00, 1.00)
Desert*1*(16.00, 0.00, -1.00)*(0.00, 0.00, 0.00)*(1.00, 1.00, 1.00)
Desert*1*(16.00, 0.00, 10.00)*(0.00, 0.00, 0.00)*(1.00, 1.00, 1.00)
Desert*1*(16.00, 0.00, 21.00)*(0.00, 0.00, 0.00)*(1.00, 1.00, 1.00)
Desert*1*(5.00, 0.00, -1.00)*(0.00, 0.00, 0.00)*(1.00, 1.00, 1.00)
Desert*1*(-6.00, 0.00, 10.00)*(0.00, 0.00, 0.00)*(1.00, 1.00, 1.00)
Desert*1*(4.00, 0.00, 10.00)*(0.00, 0.00, 0.00)*(1.00, 1.00, 1.00)
Desert*1*(4.00, 0.00, 21.00)*(0.00, 0.00, 0.00)*(1.00, 1.00, 1.00)
Desert*1*(-7.00, 0.00, 21.00)*(0.00, 0.00, 0.00)*(1.00, 1.00, 1.00)
Desert*1*(-7.00, 0.00, -1.00)*(0.00, 0.00, 0.00)*(1.00, 1.00, 1.00)
Desert*1*(15.00, 0.00, -1.00)*(0.00, 0.00, 0.00)*(1.00, 1.00, 1.00)
Desert*1*(15.00, 0.00, 10.00)*(0.00, 0.00, 0.00)*(1.00, 1.00, 1.00)
Desert*1*(15.00, 0.00, 21.00)*(0.00, 0.00, 0.00)*(1.00, 1.00, 1.00)
Desert*1*(4.00, 0.00, -1.00)*(0.00, 0.00, 0.00)*(1.00, 1.00, 1.00)
Desert*1*(-7.00, 0.00, 10.00)*(0.00, 0.00, 0.00)*(1.00, 1.00, 1.00)
Desert*1*(3.00, 0.00, 10.00)*(0.00, 0.00, 0.00)*(1.00, 1.00, 1.00)
Desert*1*(3.00, 0.00, 21.00)*(0.00, 0.00, 0.00)*(1.00, 1.00, 1.00)
Desert*1*(-8.00, 0.00, 21.00)*(0.00, 0.00, 0.00)*(1.00, 1.00, 1.00)
Desert*1*(-8.00, 0.00, -1.00)*(0.00, 0.00, 0.00)*(1.00, 1.00, 1.00)
Desert*1*(14.00, 0.00, -1.00)*(0.00, 0.00, 0.00)*(1.00, 1.00, 1.00)
Desert*1*(14.00, 0.00, 10.00)*(0.00, 0.00, 0.00)*(1.00, 1.00, 1.00)
Desert*1*(14.00, 0.00, 21.00)*(0.00, 0.00, 0.00)*(1.00, 1.00, 1.00)
Desert*1*(3.00, 0.00, -1.00)*(0.00, 0.00, 0.00)*(1.00, 1.00, 1.00)
Desert*1*(-8.00, 0.00, 10.00)*(0.00, 0.00, 0.00)*(1.00, 1.00, 1.00)
Desert*1*(2.00, 0.00, 10.00)*(0.00, 0.00, 0.00)*(1.00, 1.00, 1.00)
Desert*1*(2.00, 0.00, 21.00)*(0.00, 0.00, 0.00)*(1.00, 1.00, 1.00)
Desert*1*(-9.00, 0.00, 21.00)*(0.00, 0.00, 0.00)*(1.00, 1.00, 1.00)
Desert*1*(-9.00, 0.00, -1.00)*(0.00, 0.00, 0.00)*(1.00, 1.00, 1.00)
Desert*1*(13.00, 0.00, -1.00)*(0.00, 0.00, 0.00)*(1.00, 1.00, 1.00)
Desert*1*(13.00, 0.00, 10.00)*(0.00, 0.00, 0.00)*(1.00, 1.00, 1.00)
Desert*1*(13.00, 0.00, 21.00)*(0.00, 0.00, 0.00)*(1.00, 1.00, 1.00)
Desert*1*(2.00, 0.00, -1.00)*(0.00, 0.00, 0.00)*(1.00, 1.00, 1.00)
Desert*1*(-9.00, 0.00, 10.00)*(0.00, 0.00, 0.00)*(1.00, 1.00, 1.00)
Desert*1*(1.00, 0.00, 10.00)*(0.00, 0.00, 0.00)*(1.00, 1.00, 1.00)
Desert*1*(1.00, 0.00, 21.00)*(0.00, 0.00, 0.00)*(1.00, 1.00, 1.00)
Desert*1*(-10.00, 0.00, 21.00)*(0.00, 0.00, 0.00)*(1.00, 1.00, 1.00)
Desert*1*(-10.00, 0.00, -1.00)*(0.00, 0.00, 0.00)*(1.00, 1.00, 1.00)
Desert*1*(12.00, 0.00, -1.00)*(0.00, 0.00, 0.00)*(1.00, 1.00, 1.00)
Desert*1*(12.00, 0.00, 10.00)*(0.00, 0.00, 0.00)*(1.00, 1.00, 1.00)
Desert*1*(12.00, 0.00, 21.00)*(0.00, 0.00, 0.00)*(1.00, 1.00, 1.00)
Desert*1*(1.00, 0.00, -1.00)*(0.00, 0.00, 0.00)*(1.00, 1.00, 1.00)
Desert*1*(-10.00, 0.00, 10.00)*(0.00, 0.00, 0.00)*(1.00, 1.00, 1.00)
Desert*1*(0.00, 0.00, 9.00)*(0.00, 0.00, 0.00)*(1.00, 1.00, 1.00)
Desert*1*(0.00, 0.00, 20.00)*(0.00, 0.00, 0.00)*(1.00, 1.00, 1.00)
Desert*1*(-11.00, 0.00, 20.00)*(0.00, 0.00, 0.00)*(1.00, 1.00, 1.00)
Desert*1*(-11.00, 0.00, -2.00)*(0.00, 0.00, 0.00)*(1.00, 1.00, 1.00)
Desert*1*(11.00, 0.00, -2.00)*(0.00, 0.00, 0.00)*(1.00, 1.00, 1.00)
Desert*1*(11.00, 0.00, 9.00)*(0.00, 0.00, 0.00)*(1.00, 1.00, 1.00)
Desert*1*(11.00, 0.00, 20.00)*(0.00, 0.00, 0.00)*(1.00, 1.00, 1.00)
Desert*1*(0.00, 0.00, -2.00)*(0.00, 0.00, 0.00)*(1.00, 1.00, 1.00)
Desert*1*(-11.00, 0.00, 9.00)*(0.00, 0.00, 0.00)*(1.00, 1.00, 1.00)
Desert*1*(7.00, 0.00, 9.00)*(0.00, 0.00, 0.00)*(1.00, 1.00, 1.00)
Desert*1*(7.00, 0.00, 20.00)*(0.00, 0.00, 0.00)*(1.00, 1.00, 1.00)
Desert*1*(-4.00, 0.00, 20.00)*(0.00, 0.00, 0.00)*(1.00, 1.00, 1.00)
Desert*1*(-4.00, 0.00, -2.00)*(0.00, 0.00, 0.00)*(1.00, 1.00, 1.00)
Desert*1*(18.00, 0.00, -2.00)*(0.00, 0.00, 0.00)*(1.00, 1.00, 1.00)
Desert*1*(18.00, 0.00, 9.00)*(0.00, 0.00, 0.00)*(1.00, 1.00, 1.00)
Desert*1*(18.00, 0.00, 20.00)*(0.00, 0.00, 0.00)*(1.00, 1.00, 1.00)
Desert*1*(7.00, 0.00, -2.00)*(0.00, 0.00, 0.00)*(1.00, 1.00, 1.00)
Desert*1*(-4.00, 0.00, 9.00)*(0.00, 0.00, 0.00)*(1.00, 1.00, 1.00)
Desert*1*(10.00, 0.00, 9.00)*(0.00, 0.00, 0.00)*(1.00, 1.00, 1.00)
Desert*1*(10.00, 0.00, 20.00)*(0.00, 0.00, 0.00)*(1.00, 1.00, 1.00)
Desert*1*(-1.00, 0.00, 20.00)*(0.00, 0.00, 0.00)*(1.00, 1.00, 1.00)
Desert*1*(-1.00, 0.00, -2.00)*(0.00, 0.00, 0.00)*(1.00, 1.00, 1.00)
Desert*1*(21.00, 0.00, -2.00)*(0.00, 0.00, 0.00)*(1.00, 1.00, 1.00)
Desert*1*(21.00, 0.00, 9.00)*(0.00, 0.00, 0.00)*(1.00, 1.00, 1.00)
Desert*1*(21.00, 0.00, 20.00)*(0.00, 0.00, 0.00)*(1.00, 1.00, 1.00)
Desert*1*(10.00, 0.00, -2.00)*(0.00, 0.00, 0.00)*(1.00, 1.00, 1.00)
Desert*1*(-1.00, 0.00, 9.00)*(0.00, 0.00, 0.00)*(1.00, 1.00, 1.00)
Desert*1*(9.00, 0.00, 9.00)*(0.00, 0.00, 0.00)*(1.00, 1.00, 1.00)
Desert*1*(9.00, 0.00, 20.00)*(0.00, 0.00, 0.00)*(1.00, 1.00, 1.00)
Desert*1*(-2.00, 0.00, 20.00)*(0.00, 0.00, 0.00)*(1.00, 1.00, 1.00)
Desert*1*(-2.00, 0.00, -2.00)*(0.00, 0.00, 0.00)*(1.00, 1.00, 1.00)
Desert*1*(20.00, 0.00, -2.00)*(0.00, 0.00, 0.00)*(1.00, 1.00, 1.00)
Desert*1*(20.00, 0.00, 9.00)*(0.00, 0.00, 0.00)*(1.00, 1.00, 1.00)
Desert*1*(20.00, 0.00, 20.00)*(0.00, 0.00, 0.00)*(1.00, 1.00, 1.00)
Desert*1*(9.00, 0.00, -2.00)*(0.00, 0.00, 0.00)*(1.00, 1.00, 1.00)
Desert*1*(-2.00, 0.00, 9.00)*(0.00, 0.00, 0.00)*(1.00, 1.00, 1.00)
Desert*1*(8.00, 0.00, 9.00)*(0.00, 0.00, 0.00)*(1.00, 1.00, 1.00)
Desert*1*(8.00, 0.00, 20.00)*(0.00, 0.00, 0.00)*(1.00, 1.00, 1.00)
Desert*1*(-3.00, 0.00, 20.00)*(0.00, 0.00, 0.00)*(1.00, 1.00, 1.00)
Desert*1*(-3.00, 0.00, -2.00)*(0.00, 0.00, 0.00)*(1.00, 1.00, 1.00)
Desert*1*(19.00, 0.00, -2.00)*(0.00, 0.00, 0.00)*(1.00, 1.00, 1.00)
Desert*1*(19.00, 0.00, 9.00)*(0.00, 0.00, 0.00)*(1.00, 1.00, 1.00)
Desert*1*(19.00, 0.00, 20.00)*(0.00, 0.00, 0.00)*(1.00, 1.00, 1.00)
Desert*1*(8.00, 0.00, -2.00)*(0.00, 0.00, 0.00)*(1.00, 1.00, 1.00)
Desert*1*(-3.00, 0.00, 9.00)*(0.00, 0.00, 0.00)*(1.00, 1.00, 1.00)
Desert*1*(6.00, 0.00, 9.00)*(0.00, 0.00, 0.00)*(1.00, 1.00, 1.00)
Desert*1*(6.00, 0.00, 20.00)*(0.00, 0.00, 0.00)*(1.00, 1.00, 1.00)
Desert*1*(-5.00, 0.00, 20.00)*(0.00, 0.00, 0.00)*(1.00, 1.00, 1.00)
Desert*1*(-5.00, 0.00, -2.00)*(0.00, 0.00, 0.00)*(1.00, 1.00, 1.00)
Desert*1*(17.00, 0.00, -2.00)*(0.00, 0.00, 0.00)*(1.00, 1.00, 1.00)
Desert*1*(17.00, 0.00, 9.00)*(0.00, 0.00, 0.00)*(1.00, 1.00, 1.00)
Desert*1*(17.00, 0.00, 20.00)*(0.00, 0.00, 0.00)*(1.00, 1.00, 1.00)
Desert*1*(6.00, 0.00, -2.00)*(0.00, 0.00, 0.00)*(1.00, 1.00, 1.00)
Desert*1*(-5.00, 0.00, 9.00)*(0.00, 0.00, 0.00)*(1.00, 1.00, 1.00)
Desert*1*(5.00, 0.00, 9.00)*(0.00, 0.00, 0.00)*(1.00, 1.00, 1.00)
Desert*1*(5.00, 0.00, 20.00)*(0.00, 0.00, 0.00)*(1.00, 1.00, 1.00)
Desert*1*(-6.00, 0.00, 20.00)*(0.00, 0.00, 0.00)*(1.00, 1.00, 1.00)
Desert*1*(-6.00, 0.00, -2.00)*(0.00, 0.00, 0.00)*(1.00, 1.00, 1.00)
Desert*1*(16.00, 0.00, -2.00)*(0.00, 0.00, 0.00)*(1.00, 1.00, 1.00)
Desert*1*(16.00, 0.00, 9.00)*(0.00, 0.00, 0.00)*(1.00, 1.00, 1.00)
Desert*1*(16.00, 0.00, 20.00)*(0.00, 0.00, 0.00)*(1.00, 1.00, 1.00)
Desert*1*(5.00, 0.00, -2.00)*(0.00, 0.00, 0.00)*(1.00, 1.00, 1.00)
Desert*1*(-6.00, 0.00, 9.00)*(0.00, 0.00, 0.00)*(1.00, 1.00, 1.00)
Desert*1*(4.00, 0.00, 9.00)*(0.00, 0.00, 0.00)*(1.00, 1.00, 1.00)
Desert*1*(4.00, 0.00, 20.00)*(0.00, 0.00, 0.00)*(1.00, 1.00, 1.00)
Desert*1*(-7.00, 0.00, 20.00)*(0.00, 0.00, 0.00)*(1.00, 1.00, 1.00)
Desert*1*(-7.00, 0.00, -2.00)*(0.00, 0.00, 0.00)*(1.00, 1.00, 1.00)
Desert*1*(15.00, 0.00, -2.00)*(0.00, 0.00, 0.00)*(1.00, 1.00, 1.00)
Desert*1*(15.00, 0.00, 9.00)*(0.00, 0.00, 0.00)*(1.00, 1.00, 1.00)
Desert*1*(15.00, 0.00, 20.00)*(0.00, 0.00, 0.00)*(1.00, 1.00, 1.00)
Desert*1*(4.00, 0.00, -2.00)*(0.00, 0.00, 0.00)*(1.00, 1.00, 1.00)
Desert*1*(-7.00, 0.00, 9.00)*(0.00, 0.00, 0.00)*(1.00, 1.00, 1.00)
Desert*1*(3.00, 0.00, 9.00)*(0.00, 0.00, 0.00)*(1.00, 1.00, 1.00)
Desert*1*(3.00, 0.00, 20.00)*(0.00, 0.00, 0.00)*(1.00, 1.00, 1.00)
Desert*1*(-8.00, 0.00, 20.00)*(0.00, 0.00, 0.00)*(1.00, 1.00, 1.00)
Desert*1*(-8.00, 0.00, -2.00)*(0.00, 0.00, 0.00)*(1.00, 1.00, 1.00)
Desert*1*(14.00, 0.00, -2.00)*(0.00, 0.00, 0.00)*(1.00, 1.00, 1.00)
Desert*1*(14.00, 0.00, 9.00)*(0.00, 0.00, 0.00)*(1.00, 1.00, 1.00)
Desert*1*(14.00, 0.00, 20.00)*(0.00, 0.00, 0.00)*(1.00, 1.00, 1.00)
Desert*1*(3.00, 0.00, -2.00)*(0.00, 0.00, 0.00)*(1.00, 1.00, 1.00)
Desert*1*(-8.00, 0.00, 9.00)*(0.00, 0.00, 0.00)*(1.00, 1.00, 1.00)
Desert*1*(2.00, 0.00, 9.00)*(0.00, 0.00, 0.00)*(1.00, 1.00, 1.00)
Desert*1*(2.00, 0.00, 20.00)*(0.00, 0.00, 0.00)*(1.00, 1.00, 1.00)
Desert*1*(-9.00, 0.00, 20.00)*(0.00, 0.00, 0.00)*(1.00, 1.00, 1.00)
Desert*1*(-9.00, 0.00, -2.00)*(0.00, 0.00, 0.00)*(1.00, 1.00, 1.00)
Desert*1*(13.00, 0.00, -2.00)*(0.00, 0.00, 0.00)*(1.00, 1.00, 1.00)
Desert*1*(13.00, 0.00, 9.00)*(0.00, 0.00, 0.00)*(1.00, 1.00, 1.00)
Desert*1*(13.00, 0.00, 20.00)*(0.00, 0.00, 0.00)*(1.00, 1.00, 1.00)
Desert*1*(2.00, 0.00, -2.00)*(0.00, 0.00, 0.00)*(1.00, 1.00, 1.00)
Desert*1*(-9.00, 0.00, 9.00)*(0.00, 0.00, 0.00)*(1.00, 1.00, 1.00)
Desert*1*(1.00, 0.00, 9.00)*(0.00, 0.00, 0.00)*(1.00, 1.00, 1.00)
Desert*1*(1.00, 0.00, 20.00)*(0.00, 0.00, 0.00)*(1.00, 1.00, 1.00)
Desert*1*(-10.00, 0.00, 20.00)*(0.00, 0.00, 0.00)*(1.00, 1.00, 1.00)
Desert*1*(-10.00, 0.00, -2.00)*(0.00, 0.00, 0.00)*(1.00, 1.00, 1.00)
Desert*1*(12.00, 0.00, -2.00)*(0.00, 0.00, 0.00)*(1.00, 1.00, 1.00)
Desert*1*(12.00, 0.00, 9.00)*(0.00, 0.00, 0.00)*(1.00, 1.00, 1.00)
Desert*1*(12.00, 0.00, 20.00)*(0.00, 0.00, 0.00)*(1.00, 1.00, 1.00)
Desert*1*(1.00, 0.00, -2.00)*(0.00, 0.00, 0.00)*(1.00, 1.00, 1.00)
Desert*1*(-10.00, 0.00, 9.00)*(0.00, 0.00, 0.00)*(1.00, 1.00, 1.00)
Desert*1*(0.00, 0.00, 8.00)*(0.00, 0.00, 0.00)*(1.00, 1.00, 1.00)
Desert*1*(0.00, 0.00, 19.00)*(0.00, 0.00, 0.00)*(1.00, 1.00, 1.00)
Desert*1*(-11.00, 0.00, 19.00)*(0.00, 0.00, 0.00)*(1.00, 1.00, 1.00)
Desert*1*(-11.00, 0.00, -3.00)*(0.00, 0.00, 0.00)*(1.00, 1.00, 1.00)
Desert*1*(11.00, 0.00, -3.00)*(0.00, 0.00, 0.00)*(1.00, 1.00, 1.00)
Desert*1*(11.00, 0.00, 8.00)*(0.00, 0.00, 0.00)*(1.00, 1.00, 1.00)
Desert*1*(11.00, 0.00, 19.00)*(0.00, 0.00, 0.00)*(1.00, 1.00, 1.00)
Desert*1*(0.00, 0.00, -3.00)*(0.00, 0.00, 0.00)*(1.00, 1.00, 1.00)
Desert*1*(-11.00, 0.00, 8.00)*(0.00, 0.00, 0.00)*(1.00, 1.00, 1.00)
Desert*1*(7.00, 0.00, 8.00)*(0.00, 0.00, 0.00)*(1.00, 1.00, 1.00)
Desert*1*(7.00, 0.00, 19.00)*(0.00, 0.00, 0.00)*(1.00, 1.00, 1.00)
Desert*1*(-4.00, 0.00, 19.00)*(0.00, 0.00, 0.00)*(1.00, 1.00, 1.00)
Desert*1*(-4.00, 0.00, -3.00)*(0.00, 0.00, 0.00)*(1.00, 1.00, 1.00)
Desert*1*(18.00, 0.00, -3.00)*(0.00, 0.00, 0.00)*(1.00, 1.00, 1.00)
Desert*1*(18.00, 0.00, 8.00)*(0.00, 0.00, 0.00)*(1.00, 1.00, 1.00)
Desert*1*(18.00, 0.00, 19.00)*(0.00, 0.00, 0.00)*(1.00, 1.00, 1.00)
Desert*1*(7.00, 0.00, -3.00)*(0.00, 0.00, 0.00)*(1.00, 1.00, 1.00)
Desert*1*(-4.00, 0.00, 8.00)*(0.00, 0.00, 0.00)*(1.00, 1.00, 1.00)
Desert*1*(10.00, 0.00, 8.00)*(0.00, 0.00, 0.00)*(1.00, 1.00, 1.00)
Desert*1*(10.00, 0.00, 19.00)*(0.00, 0.00, 0.00)*(1.00, 1.00, 1.00)
Desert*1*(-1.00, 0.00, 19.00)*(0.00, 0.00, 0.00)*(1.00, 1.00, 1.00)
Desert*1*(-1.00, 0.00, -3.00)*(0.00, 0.00, 0.00)*(1.00, 1.00, 1.00)
Desert*1*(21.00, 0.00, -3.00)*(0.00, 0.00, 0.00)*(1.00, 1.00, 1.00)
Desert*1*(21.00, 0.00, 8.00)*(0.00, 0.00, 0.00)*(1.00, 1.00, 1.00)
Desert*1*(21.00, 0.00, 19.00)*(0.00, 0.00, 0.00)*(1.00, 1.00, 1.00)
Desert*1*(10.00, 0.00, -3.00)*(0.00, 0.00, 0.00)*(1.00, 1.00, 1.00)
Desert*1*(-1.00, 0.00, 8.00)*(0.00, 0.00, 0.00)*(1.00, 1.00, 1.00)
Desert*1*(9.00, 0.00, 8.00)*(0.00, 0.00, 0.00)*(1.00, 1.00, 1.00)
Desert*1*(9.00, 0.00, 19.00)*(0.00, 0.00, 0.00)*(1.00, 1.00, 1.00)
Desert*1*(-2.00, 0.00, 19.00)*(0.00, 0.00, 0.00)*(1.00, 1.00, 1.00)
Desert*1*(-2.00, 0.00, -3.00)*(0.00, 0.00, 0.00)*(1.00, 1.00, 1.00)
Desert*1*(20.00, 0.00, -3.00)*(0.00, 0.00, 0.00)*(1.00, 1.00, 1.00)
Desert*1*(20.00, 0.00, 8.00)*(0.00, 0.00, 0.00)*(1.00, 1.00, 1.00)
Desert*1*(20.00, 0.00, 19.00)*(0.00, 0.00, 0.00)*(1.00, 1.00, 1.00)
Desert*1*(9.00, 0.00, -3.00)*(0.00, 0.00, 0.00)*(1.00, 1.00, 1.00)
Desert*1*(-2.00, 0.00, 8.00)*(0.00, 0.00, 0.00)*(1.00, 1.00, 1.00)
Desert*1*(8.00, 0.00, 8.00)*(0.00, 0.00, 0.00)*(1.00, 1.00, 1.00)
Desert*1*(8.00, 0.00, 19.00)*(0.00, 0.00, 0.00)*(1.00, 1.00, 1.00)
Desert*1*(-3.00, 0.00, 19.00)*(0.00, 0.00, 0.00)*(1.00, 1.00, 1.00)
Desert*1*(-3.00, 0.00, -3.00)*(0.00, 0.00, 0.00)*(1.00, 1.00, 1.00)
Desert*1*(19.00, 0.00, -3.00)*(0.00, 0.00, 0.00)*(1.00, 1.00, 1.00)
Desert*1*(19.00, 0.00, 8.00)*(0.00, 0.00, 0.00)*(1.00, 1.00, 1.00)
Desert*1*(19.00, 0.00, 19.00)*(0.00, 0.00, 0.00)*(1.00, 1.00, 1.00)
Desert*1*(8.00, 0.00, -3.00)*(0.00, 0.00, 0.00)*(1.00, 1.00, 1.00)
Desert*1*(-3.00, 0.00, 8.00)*(0.00, 0.00, 0.00)*(1.00, 1.00, 1.00)
Desert*1*(6.00, 0.00, 8.00)*(0.00, 0.00, 0.00)*(1.00, 1.00, 1.00)
Desert*1*(6.00, 0.00, 19.00)*(0.00, 0.00, 0.00)*(1.00, 1.00, 1.00)
Desert*1*(-5.00, 0.00, 19.00)*(0.00, 0.00, 0.00)*(1.00, 1.00, 1.00)
Desert*1*(-5.00, 0.00, -3.00)*(0.00, 0.00, 0.00)*(1.00, 1.00, 1.00)
Desert*1*(17.00, 0.00, -3.00)*(0.00, 0.00, 0.00)*(1.00, 1.00, 1.00)
Desert*1*(17.00, 0.00, 8.00)*(0.00, 0.00, 0.00)*(1.00, 1.00, 1.00)
Desert*1*(17.00, 0.00, 19.00)*(0.00, 0.00, 0.00)*(1.00, 1.00, 1.00)
Desert*1*(6.00, 0.00, -3.00)*(0.00, 0.00, 0.00)*(1.00, 1.00, 1.00)
Desert*1*(-5.00, 0.00, 8.00)*(0.00, 0.00, 0.00)*(1.00, 1.00, 1.00)
Desert*1*(5.00, 0.00, 8.00)*(0.00, 0.00, 0.00)*(1.00, 1.00, 1.00)
Desert*1*(5.00, 0.00, 19.00)*(0.00, 0.00, 0.00)*(1.00, 1.00, 1.00)
Desert*1*(-6.00, 0.00, 19.00)*(0.00, 0.00, 0.00)*(1.00, 1.00, 1.00)
Desert*1*(-6.00, 0.00, -3.00)*(0.00, 0.00, 0.00)*(1.00, 1.00, 1.00)
Desert*1*(16.00, 0.00, -3.00)*(0.00, 0.00, 0.00)*(1.00, 1.00, 1.00)
Desert*1*(16.00, 0.00, 8.00)*(0.00, 0.00, 0.00)*(1.00, 1.00, 1.00)
Desert*1*(16.00, 0.00, 19.00)*(0.00, 0.00, 0.00)*(1.00, 1.00, 1.00)
Desert*1*(5.00, 0.00, -3.00)*(0.00, 0.00, 0.00)*(1.00, 1.00, 1.00)
Desert*1*(-6.00, 0.00, 8.00)*(0.00, 0.00, 0.00)*(1.00, 1.00, 1.00)
Desert*1*(4.00, 0.00, 8.00)*(0.00, 0.00, 0.00)*(1.00, 1.00, 1.00)
Desert*1*(4.00, 0.00, 19.00)*(0.00, 0.00, 0.00)*(1.00, 1.00, 1.00)
Desert*1*(-7.00, 0.00, 19.00)*(0.00, 0.00, 0.00)*(1.00, 1.00, 1.00)
Desert*1*(-7.00, 0.00, -3.00)*(0.00, 0.00, 0.00)*(1.00, 1.00, 1.00)
Desert*1*(15.00, 0.00, -3.00)*(0.00, 0.00, 0.00)*(1.00, 1.00, 1.00)
Desert*1*(15.00, 0.00, 8.00)*(0.00, 0.00, 0.00)*(1.00, 1.00, 1.00)
Desert*1*(15.00, 0.00, 19.00)*(0.00, 0.00, 0.00)*(1.00, 1.00, 1.00)
Desert*1*(4.00, 0.00, -3.00)*(0.00, 0.00, 0.00)*(1.00, 1.00, 1.00)
Desert*1*(-7.00, 0.00, 8.00)*(0.00, 0.00, 0.00)*(1.00, 1.00, 1.00)
Desert*1*(3.00, 0.00, 8.00)*(0.00, 0.00, 0.00)*(1.00, 1.00, 1.00)
Desert*1*(3.00, 0.00, 19.00)*(0.00, 0.00, 0.00)*(1.00, 1.00, 1.00)
Desert*1*(-8.00, 0.00, 19.00)*(0.00, 0.00, 0.00)*(1.00, 1.00, 1.00)
Desert*1*(-8.00, 0.00, -3.00)*(0.00, 0.00, 0.00)*(1.00, 1.00, 1.00)
Desert*1*(14.00, 0.00, -3.00)*(0.00, 0.00, 0.00)*(1.00, 1.00, 1.00)
Desert*1*(14.00, 0.00, 8.00)*(0.00, 0.00, 0.00)*(1.00, 1.00, 1.00)
Desert*1*(14.00, 0.00, 19.00)*(0.00, 0.00, 0.00)*(1.00, 1.00, 1.00)
Desert*1*(3.00, 0.00, -3.00)*(0.00, 0.00, 0.00)*(1.00, 1.00, 1.00)
Desert*1*(-8.00, 0.00, 8.00)*(0.00, 0.00, 0.00)*(1.00, 1.00, 1.00)
Desert*1*(2.00, 0.00, 8.00)*(0.00, 0.00, 0.00)*(1.00, 1.00, 1.00)
Desert*1*(2.00, 0.00, 19.00)*(0.00, 0.00, 0.00)*(1.00, 1.00, 1.00)
Desert*1*(-9.00, 0.00, 19.00)*(0.00, 0.00, 0.00)*(1.00, 1.00, 1.00)
Desert*1*(-9.00, 0.00, -3.00)*(0.00, 0.00, 0.00)*(1.00, 1.00, 1.00)
Desert*1*(13.00, 0.00, -3.00)*(0.00, 0.00, 0.00)*(1.00, 1.00, 1.00)
Desert*1*(13.00, 0.00, 8.00)*(0.00, 0.00, 0.00)*(1.00, 1.00, 1.00)
Desert*1*(13.00, 0.00, 19.00)*(0.00, 0.00, 0.00)*(1.00, 1.00, 1.00)
Desert*1*(2.00, 0.00, -3.00)*(0.00, 0.00, 0.00)*(1.00, 1.00, 1.00)
Desert*1*(-9.00, 0.00, 8.00)*(0.00, 0.00, 0.00)*(1.00, 1.00, 1.00)
Desert*1*(1.00, 0.00, 8.00)*(0.00, 0.00, 0.00)*(1.00, 1.00, 1.00)
Desert*1*(1.00, 0.00, 19.00)*(0.00, 0.00, 0.00)*(1.00, 1.00, 1.00)
Desert*1*(-10.00, 0.00, 19.00)*(0.00, 0.00, 0.00)*(1.00, 1.00, 1.00)
Desert*1*(-10.00, 0.00, -3.00)*(0.00, 0.00, 0.00)*(1.00, 1.00, 1.00)
Desert*1*(12.00, 0.00, -3.00)*(0.00, 0.00, 0.00)*(1.00, 1.00, 1.00)
Desert*1*(12.00, 0.00, 8.00)*(0.00, 0.00, 0.00)*(1.00, 1.00, 1.00)
Desert*1*(12.00, 0.00, 19.00)*(0.00, 0.00, 0.00)*(1.00, 1.00, 1.00)
Desert*1*(1.00, 0.00, -3.00)*(0.00, 0.00, 0.00)*(1.00, 1.00, 1.00)
Desert*1*(-10.00, 0.00, 8.00)*(0.00, 0.00, 0.00)*(1.00, 1.00, 1.00)
Desert*1*(0.00, 0.00, 7.00)*(0.00, 0.00, 0.00)*(1.00, 1.00, 1.00)
Desert*1*(0.00, 0.00, 18.00)*(0.00, 0.00, 0.00)*(1.00, 1.00, 1.00)
Desert*1*(-11.00, 0.00, 18.00)*(0.00, 0.00, 0.00)*(1.00, 1.00, 1.00)
Desert*1*(-11.00, 0.00, -4.00)*(0.00, 0.00, 0.00)*(1.00, 1.00, 1.00)
Desert*1*(11.00, 0.00, -4.00)*(0.00, 0.00, 0.00)*(1.00, 1.00, 1.00)
Desert*1*(11.00, 0.00, 7.00)*(0.00, 0.00, 0.00)*(1.00, 1.00, 1.00)
Desert*1*(11.00, 0.00, 18.00)*(0.00, 0.00, 0.00)*(1.00, 1.00, 1.00)
Desert*1*(0.00, 0.00, -4.00)*(0.00, 0.00, 0.00)*(1.00, 1.00, 1.00)
Desert*1*(-11.00, 0.00, 7.00)*(0.00, 0.00, 0.00)*(1.00, 1.00, 1.00)
Desert*1*(7.00, 0.00, 7.00)*(0.00, 0.00, 0.00)*(1.00, 1.00, 1.00)
Desert*1*(7.00, 0.00, 18.00)*(0.00, 0.00, 0.00)*(1.00, 1.00, 1.00)
Desert*1*(-4.00, 0.00, 18.00)*(0.00, 0.00, 0.00)*(1.00, 1.00, 1.00)
Desert*1*(-4.00, 0.00, -4.00)*(0.00, 0.00, 0.00)*(1.00, 1.00, 1.00)
Desert*1*(18.00, 0.00, -4.00)*(0.00, 0.00, 0.00)*(1.00, 1.00, 1.00)
Desert*1*(18.00, 0.00, 7.00)*(0.00, 0.00, 0.00)*(1.00, 1.00, 1.00)
Desert*1*(18.00, 0.00, 18.00)*(0.00, 0.00, 0.00)*(1.00, 1.00, 1.00)
Desert*1*(7.00, 0.00, -4.00)*(0.00, 0.00, 0.00)*(1.00, 1.00, 1.00)
Desert*1*(-4.00, 0.00, 7.00)*(0.00, 0.00, 0.00)*(1.00, 1.00, 1.00)
Desert*1*(10.00, 0.00, 7.00)*(0.00, 0.00, 0.00)*(1.00, 1.00, 1.00)
Desert*1*(10.00, 0.00, 18.00)*(0.00, 0.00, 0.00)*(1.00, 1.00, 1.00)
Desert*1*(-1.00, 0.00, 18.00)*(0.00, 0.00, 0.00)*(1.00, 1.00, 1.00)
Desert*1*(-1.00, 0.00, -4.00)*(0.00, 0.00, 0.00)*(1.00, 1.00, 1.00)
Desert*1*(21.00, 0.00, -4.00)*(0.00, 0.00, 0.00)*(1.00, 1.00, 1.00)
Desert*1*(21.00, 0.00, 7.00)*(0.00, 0.00, 0.00)*(1.00, 1.00, 1.00)
Desert*1*(21.00, 0.00, 18.00)*(0.00, 0.00, 0.00)*(1.00, 1.00, 1.00)
Desert*1*(10.00, 0.00, -4.00)*(0.00, 0.00, 0.00)*(1.00, 1.00, 1.00)
Desert*1*(-1.00, 0.00, 7.00)*(0.00, 0.00, 0.00)*(1.00, 1.00, 1.00)
Desert*1*(9.00, 0.00, 7.00)*(0.00, 0.00, 0.00)*(1.00, 1.00, 1.00)
Desert*1*(9.00, 0.00, 18.00)*(0.00, 0.00, 0.00)*(1.00, 1.00, 1.00)
Desert*1*(-2.00, 0.00, 18.00)*(0.00, 0.00, 0.00)*(1.00, 1.00, 1.00)
Desert*1*(-2.00, 0.00, -4.00)*(0.00, 0.00, 0.00)*(1.00, 1.00, 1.00)
Desert*1*(20.00, 0.00, -4.00)*(0.00, 0.00, 0.00)*(1.00, 1.00, 1.00)
Desert*1*(20.00, 0.00, 7.00)*(0.00, 0.00, 0.00)*(1.00, 1.00, 1.00)
Desert*1*(20.00, 0.00, 18.00)*(0.00, 0.00, 0.00)*(1.00, 1.00, 1.00)
Desert*1*(9.00, 0.00, -4.00)*(0.00, 0.00, 0.00)*(1.00, 1.00, 1.00)
Desert*1*(-2.00, 0.00, 7.00)*(0.00, 0.00, 0.00)*(1.00, 1.00, 1.00)
Desert*1*(8.00, 0.00, 7.00)*(0.00, 0.00, 0.00)*(1.00, 1.00, 1.00)
Desert*1*(8.00, 0.00, 18.00)*(0.00, 0.00, 0.00)*(1.00, 1.00, 1.00)
Desert*1*(-3.00, 0.00, 18.00)*(0.00, 0.00, 0.00)*(1.00, 1.00, 1.00)
Desert*1*(-3.00, 0.00, -4.00)*(0.00, 0.00, 0.00)*(1.00, 1.00, 1.00)
Desert*1*(19.00, 0.00, -4.00)*(0.00, 0.00, 0.00)*(1.00, 1.00, 1.00)
Desert*1*(19.00, 0.00, 7.00)*(0.00, 0.00, 0.00)*(1.00, 1.00, 1.00)
Desert*1*(19.00, 0.00, 18.00)*(0.00, 0.00, 0.00)*(1.00, 1.00, 1.00)
Desert*1*(8.00, 0.00, -4.00)*(0.00, 0.00, 0.00)*(1.00, 1.00, 1.00)
Desert*1*(-3.00, 0.00, 7.00)*(0.00, 0.00, 0.00)*(1.00, 1.00, 1.00)
Desert*1*(6.00, 0.00, 7.00)*(0.00, 0.00, 0.00)*(1.00, 1.00, 1.00)
Desert*1*(6.00, 0.00, 18.00)*(0.00, 0.00, 0.00)*(1.00, 1.00, 1.00)
Desert*1*(-5.00, 0.00, 18.00)*(0.00, 0.00, 0.00)*(1.00, 1.00, 1.00)
Desert*1*(-5.00, 0.00, -4.00)*(0.00, 0.00, 0.00)*(1.00, 1.00, 1.00)
Desert*1*(17.00, 0.00, -4.00)*(0.00, 0.00, 0.00)*(1.00, 1.00, 1.00)
Desert*1*(17.00, 0.00, 7.00)*(0.00, 0.00, 0.00)*(1.00, 1.00, 1.00)
Desert*1*(17.00, 0.00, 18.00)*(0.00, 0.00, 0.00)*(1.00, 1.00, 1.00)
Desert*1*(6.00, 0.00, -4.00)*(0.00, 0.00, 0.00)*(1.00, 1.00, 1.00)
Desert*1*(-5.00, 0.00, 7.00)*(0.00, 0.00, 0.00)*(1.00, 1.00, 1.00)
Desert*1*(5.00, 0.00, 7.00)*(0.00, 0.00, 0.00)*(1.00, 1.00, 1.00)
Desert*1*(5.00, 0.00, 18.00)*(0.00, 0.00, 0.00)*(1.00, 1.00, 1.00)
Desert*1*(-6.00, 0.00, 18.00)*(0.00, 0.00, 0.00)*(1.00, 1.00, 1.00)
Desert*1*(-6.00, 0.00, -4.00)*(0.00, 0.00, 0.00)*(1.00, 1.00, 1.00)
Desert*1*(16.00, 0.00, -4.00)*(0.00, 0.00, 0.00)*(1.00, 1.00, 1.00)
Desert*1*(16.00, 0.00, 7.00)*(0.00, 0.00, 0.00)*(1.00, 1.00, 1.00)
Desert*1*(16.00, 0.00, 18.00)*(0.00, 0.00, 0.00)*(1.00, 1.00, 1.00)
Desert*1*(5.00, 0.00, -4.00)*(0.00, 0.00, 0.00)*(1.00, 1.00, 1.00)
Desert*1*(-6.00, 0.00, 7.00)*(0.00, 0.00, 0.00)*(1.00, 1.00, 1.00)
Desert*1*(4.00, 0.00, 7.00)*(0.00, 0.00, 0.00)*(1.00, 1.00, 1.00)
Desert*1*(4.00, 0.00, 18.00)*(0.00, 0.00, 0.00)*(1.00, 1.00, 1.00)
Desert*1*(-7.00, 0.00, 18.00)*(0.00, 0.00, 0.00)*(1.00, 1.00, 1.00)
Desert*1*(-7.00, 0.00, -4.00)*(0.00, 0.00, 0.00)*(1.00, 1.00, 1.00)
Desert*1*(15.00, 0.00, -4.00)*(0.00, 0.00, 0.00)*(1.00, 1.00, 1.00)
Desert*1*(15.00, 0.00, 7.00)*(0.00, 0.00, 0.00)*(1.00, 1.00, 1.00)
Desert*1*(15.00, 0.00, 18.00)*(0.00, 0.00, 0.00)*(1.00, 1.00, 1.00)
Desert*1*(4.00, 0.00, -4.00)*(0.00, 0.00, 0.00)*(1.00, 1.00, 1.00)
Desert*1*(-7.00, 0.00, 7.00)*(0.00, 0.00, 0.00)*(1.00, 1.00, 1.00)
Desert*1*(3.00, 0.00, 7.00)*(0.00, 0.00, 0.00)*(1.00, 1.00, 1.00)
Desert*1*(3.00, 0.00, 18.00)*(0.00, 0.00, 0.00)*(1.00, 1.00, 1.00)
Desert*1*(-8.00, 0.00, 18.00)*(0.00, 0.00, 0.00)*(1.00, 1.00, 1.00)
Desert*1*(-8.00, 0.00, -4.00)*(0.00, 0.00, 0.00)*(1.00, 1.00, 1.00)
Desert*1*(14.00, 0.00, -4.00)*(0.00, 0.00, 0.00)*(1.00, 1.00, 1.00)
Desert*1*(14.00, 0.00, 7.00)*(0.00, 0.00, 0.00)*(1.00, 1.00, 1.00)
Desert*1*(14.00, 0.00, 18.00)*(0.00, 0.00, 0.00)*(1.00, 1.00, 1.00)
Desert*1*(3.00, 0.00, -4.00)*(0.00, 0.00, 0.00)*(1.00, 1.00, 1.00)
Desert*1*(-8.00, 0.00, 7.00)*(0.00, 0.00, 0.00)*(1.00, 1.00, 1.00)
Desert*1*(2.00, 0.00, 7.00)*(0.00, 0.00, 0.00)*(1.00, 1.00, 1.00)
Desert*1*(2.00, 0.00, 18.00)*(0.00, 0.00, 0.00)*(1.00, 1.00, 1.00)
Desert*1*(-9.00, 0.00, 18.00)*(0.00, 0.00, 0.00)*(1.00, 1.00, 1.00)
Desert*1*(-9.00, 0.00, -4.00)*(0.00, 0.00, 0.00)*(1.00, 1.00, 1.00)
Desert*1*(13.00, 0.00, -4.00)*(0.00, 0.00, 0.00)*(1.00, 1.00, 1.00)
Desert*1*(13.00, 0.00, 7.00)*(0.00, 0.00, 0.00)*(1.00, 1.00, 1.00)
Desert*1*(13.00, 0.00, 18.00)*(0.00, 0.00, 0.00)*(1.00, 1.00, 1.00)
Desert*1*(2.00, 0.00, -4.00)*(0.00, 0.00, 0.00)*(1.00, 1.00, 1.00)
Desert*1*(-9.00, 0.00, 7.00)*(0.00, 0.00, 0.00)*(1.00, 1.00, 1.00)
Desert*1*(1.00, 0.00, 7.00)*(0.00, 0.00, 0.00)*(1.00, 1.00, 1.00)
Desert*1*(1.00, 0.00, 18.00)*(0.00, 0.00, 0.00)*(1.00, 1.00, 1.00)
Desert*1*(-10.00, 0.00, 18.00)*(0.00, 0.00, 0.00)*(1.00, 1.00, 1.00)
Desert*1*(-10.00, 0.00, -4.00)*(0.00, 0.00, 0.00)*(1.00, 1.00, 1.00)
Desert*1*(12.00, 0.00, -4.00)*(0.00, 0.00, 0.00)*(1.00, 1.00, 1.00)
Desert*1*(12.00, 0.00, 7.00)*(0.00, 0.00, 0.00)*(1.00, 1.00, 1.00)
Desert*1*(12.00, 0.00, 18.00)*(0.00, 0.00, 0.00)*(1.00, 1.00, 1.00)
Desert*1*(1.00, 0.00, -4.00)*(0.00, 0.00, 0.00)*(1.00, 1.00, 1.00)
Desert*1*(-10.00, 0.00, 7.00)*(0.00, 0.00, 0.00)*(1.00, 1.00, 1.00)
Desert*1*(0.00, 0.00, 6.00)*(0.00, 0.00, 0.00)*(1.00, 1.00, 1.00)
Desert*1*(0.00, 0.00, 17.00)*(0.00, 0.00, 0.00)*(1.00, 1.00, 1.00)
Desert*1*(-11.00, 0.00, 17.00)*(0.00, 0.00, 0.00)*(1.00, 1.00, 1.00)
Desert*1*(-11.00, 0.00, -5.00)*(0.00, 0.00, 0.00)*(1.00, 1.00, 1.00)
Desert*1*(11.00, 0.00, -5.00)*(0.00, 0.00, 0.00)*(1.00, 1.00, 1.00)
Desert*1*(11.00, 0.00, 6.00)*(0.00, 0.00, 0.00)*(1.00, 1.00, 1.00)
Desert*1*(11.00, 0.00, 17.00)*(0.00, 0.00, 0.00)*(1.00, 1.00, 1.00)
Desert*1*(0.00, 0.00, -5.00)*(0.00, 0.00, 0.00)*(1.00, 1.00, 1.00)
Desert*1*(-11.00, 0.00, 6.00)*(0.00, 0.00, 0.00)*(1.00, 1.00, 1.00)
Desert*1*(7.00, 0.00, 6.00)*(0.00, 0.00, 0.00)*(1.00, 1.00, 1.00)
Desert*1*(7.00, 0.00, 17.00)*(0.00, 0.00, 0.00)*(1.00, 1.00, 1.00)
Desert*1*(-4.00, 0.00, 17.00)*(0.00, 0.00, 0.00)*(1.00, 1.00, 1.00)
Desert*1*(-4.00, 0.00, -5.00)*(0.00, 0.00, 0.00)*(1.00, 1.00, 1.00)
Desert*1*(18.00, 0.00, -5.00)*(0.00, 0.00, 0.00)*(1.00, 1.00, 1.00)
Desert*1*(18.00, 0.00, 6.00)*(0.00, 0.00, 0.00)*(1.00, 1.00, 1.00)
Desert*1*(18.00, 0.00, 17.00)*(0.00, 0.00, 0.00)*(1.00, 1.00, 1.00)
Desert*1*(7.00, 0.00, -5.00)*(0.00, 0.00, 0.00)*(1.00, 1.00, 1.00)
Desert*1*(-4.00, 0.00, 6.00)*(0.00, 0.00, 0.00)*(1.00, 1.00, 1.00)
Desert*1*(10.00, 0.00, 6.00)*(0.00, 0.00, 0.00)*(1.00, 1.00, 1.00)
Desert*1*(10.00, 0.00, 17.00)*(0.00, 0.00, 0.00)*(1.00, 1.00, 1.00)
Desert*1*(-1.00, 0.00, 17.00)*(0.00, 0.00, 0.00)*(1.00, 1.00, 1.00)
Desert*1*(-1.00, 0.00, -5.00)*(0.00, 0.00, 0.00)*(1.00, 1.00, 1.00)
Desert*1*(21.00, 0.00, -5.00)*(0.00, 0.00, 0.00)*(1.00, 1.00, 1.00)
Desert*1*(21.00, 0.00, 6.00)*(0.00, 0.00, 0.00)*(1.00, 1.00, 1.00)
Desert*1*(21.00, 0.00, 17.00)*(0.00, 0.00, 0.00)*(1.00, 1.00, 1.00)
Desert*1*(10.00, 0.00, -5.00)*(0.00, 0.00, 0.00)*(1.00, 1.00, 1.00)
Desert*1*(-1.00, 0.00, 6.00)*(0.00, 0.00, 0.00)*(1.00, 1.00, 1.00)
Desert*1*(9.00, 0.00, 6.00)*(0.00, 0.00, 0.00)*(1.00, 1.00, 1.00)
Desert*1*(9.00, 0.00, 17.00)*(0.00, 0.00, 0.00)*(1.00, 1.00, 1.00)
Desert*1*(-2.00, 0.00, 17.00)*(0.00, 0.00, 0.00)*(1.00, 1.00, 1.00)
Desert*1*(-2.00, 0.00, -5.00)*(0.00, 0.00, 0.00)*(1.00, 1.00, 1.00)
Desert*1*(20.00, 0.00, -5.00)*(0.00, 0.00, 0.00)*(1.00, 1.00, 1.00)
Desert*1*(20.00, 0.00, 6.00)*(0.00, 0.00, 0.00)*(1.00, 1.00, 1.00)
Desert*1*(20.00, 0.00, 17.00)*(0.00, 0.00, 0.00)*(1.00, 1.00, 1.00)
Desert*1*(9.00, 0.00, -5.00)*(0.00, 0.00, 0.00)*(1.00, 1.00, 1.00)
Desert*1*(-2.00, 0.00, 6.00)*(0.00, 0.00, 0.00)*(1.00, 1.00, 1.00)
Desert*1*(8.00, 0.00, 6.00)*(0.00, 0.00, 0.00)*(1.00, 1.00, 1.00)
Desert*1*(8.00, 0.00, 17.00)*(0.00, 0.00, 0.00)*(1.00, 1.00, 1.00)
Desert*1*(-3.00, 0.00, 17.00)*(0.00, 0.00, 0.00)*(1.00, 1.00, 1.00)
Desert*1*(-3.00, 0.00, -5.00)*(0.00, 0.00, 0.00)*(1.00, 1.00, 1.00)
Desert*1*(19.00, 0.00, -5.00)*(0.00, 0.00, 0.00)*(1.00, 1.00, 1.00)
Desert*1*(19.00, 0.00, 6.00)*(0.00, 0.00, 0.00)*(1.00, 1.00, 1.00)
Desert*1*(19.00, 0.00, 17.00)*(0.00, 0.00, 0.00)*(1.00, 1.00, 1.00)
Desert*1*(8.00, 0.00, -5.00)*(0.00, 0.00, 0.00)*(1.00, 1.00, 1.00)
Desert*1*(-3.00, 0.00, 6.00)*(0.00, 0.00, 0.00)*(1.00, 1.00, 1.00)
Desert*1*(6.00, 0.00, 6.00)*(0.00, 0.00, 0.00)*(1.00, 1.00, 1.00)
Desert*1*(6.00, 0.00, 17.00)*(0.00, 0.00, 0.00)*(1.00, 1.00, 1.00)
Desert*1*(-5.00, 0.00, 17.00)*(0.00, 0.00, 0.00)*(1.00, 1.00, 1.00)
Desert*1*(-5.00, 0.00, -5.00)*(0.00, 0.00, 0.00)*(1.00, 1.00, 1.00)
Desert*1*(17.00, 0.00, -5.00)*(0.00, 0.00, 0.00)*(1.00, 1.00, 1.00)
Desert*1*(17.00, 0.00, 6.00)*(0.00, 0.00, 0.00)*(1.00, 1.00, 1.00)
Desert*1*(17.00, 0.00, 17.00)*(0.00, 0.00, 0.00)*(1.00, 1.00, 1.00)
Desert*1*(6.00, 0.00, -5.00)*(0.00, 0.00, 0.00)*(1.00, 1.00, 1.00)
Desert*1*(-5.00, 0.00, 6.00)*(0.00, 0.00, 0.00)*(1.00, 1.00, 1.00)
Desert*1*(5.00, 0.00, 6.00)*(0.00, 0.00, 0.00)*(1.00, 1.00, 1.00)
Desert*1*(5.00, 0.00, 17.00)*(0.00, 0.00, 0.00)*(1.00, 1.00, 1.00)
Desert*1*(-6.00, 0.00, 17.00)*(0.00, 0.00, 0.00)*(1.00, 1.00, 1.00)
Desert*1*(-6.00, 0.00, -5.00)*(0.00, 0.00, 0.00)*(1.00, 1.00, 1.00)
Desert*1*(16.00, 0.00, -5.00)*(0.00, 0.00, 0.00)*(1.00, 1.00, 1.00)
Desert*1*(16.00, 0.00, 6.00)*(0.00, 0.00, 0.00)*(1.00, 1.00, 1.00)
Desert*1*(16.00, 0.00, 17.00)*(0.00, 0.00, 0.00)*(1.00, 1.00, 1.00)
Desert*1*(5.00, 0.00, -5.00)*(0.00, 0.00, 0.00)*(1.00, 1.00, 1.00)
Desert*1*(-6.00, 0.00, 6.00)*(0.00, 0.00, 0.00)*(1.00, 1.00, 1.00)
Desert*1*(4.00, 0.00, 6.00)*(0.00, 0.00, 0.00)*(1.00, 1.00, 1.00)
Desert*1*(4.00, 0.00, 17.00)*(0.00, 0.00, 0.00)*(1.00, 1.00, 1.00)
Desert*1*(-7.00, 0.00, 17.00)*(0.00, 0.00, 0.00)*(1.00, 1.00, 1.00)
Desert*1*(-7.00, 0.00, -5.00)*(0.00, 0.00, 0.00)*(1.00, 1.00, 1.00)
Desert*1*(15.00, 0.00, -5.00)*(0.00, 0.00, 0.00)*(1.00, 1.00, 1.00)
Desert*1*(15.00, 0.00, 6.00)*(0.00, 0.00, 0.00)*(1.00, 1.00, 1.00)
Desert*1*(15.00, 0.00, 17.00)*(0.00, 0.00, 0.00)*(1.00, 1.00, 1.00)
Desert*1*(4.00, 0.00, -5.00)*(0.00, 0.00, 0.00)*(1.00, 1.00, 1.00)
Desert*1*(-7.00, 0.00, 6.00)*(0.00, 0.00, 0.00)*(1.00, 1.00, 1.00)
Desert*1*(3.00, 0.00, 6.00)*(0.00, 0.00, 0.00)*(1.00, 1.00, 1.00)
Desert*1*(3.00, 0.00, 17.00)*(0.00, 0.00, 0.00)*(1.00, 1.00, 1.00)
Desert*1*(-8.00, 0.00, 17.00)*(0.00, 0.00, 0.00)*(1.00, 1.00, 1.00)
Desert*1*(-8.00, 0.00, -5.00)*(0.00, 0.00, 0.00)*(1.00, 1.00, 1.00)
Desert*1*(14.00, 0.00, -5.00)*(0.00, 0.00, 0.00)*(1.00, 1.00, 1.00)
Desert*1*(14.00, 0.00, 6.00)*(0.00, 0.00, 0.00)*(1.00, 1.00, 1.00)
Desert*1*(14.00, 0.00, 17.00)*(0.00, 0.00, 0.00)*(1.00, 1.00, 1.00)
Desert*1*(3.00, 0.00, -5.00)*(0.00, 0.00, 0.00)*(1.00, 1.00, 1.00)
Desert*1*(-8.00, 0.00, 6.00)*(0.00, 0.00, 0.00)*(1.00, 1.00, 1.00)
Desert*1*(2.00, 0.00, 6.00)*(0.00, 0.00, 0.00)*(1.00, 1.00, 1.00)
Desert*1*(2.00, 0.00, 17.00)*(0.00, 0.00, 0.00)*(1.00, 1.00, 1.00)
Desert*1*(-9.00, 0.00, 17.00)*(0.00, 0.00, 0.00)*(1.00, 1.00, 1.00)
Desert*1*(-9.00, 0.00, -5.00)*(0.00, 0.00, 0.00)*(1.00, 1.00, 1.00)
Desert*1*(13.00, 0.00, -5.00)*(0.00, 0.00, 0.00)*(1.00, 1.00, 1.00)
Desert*1*(13.00, 0.00, 6.00)*(0.00, 0.00, 0.00)*(1.00, 1.00, 1.00)
Desert*1*(13.00, 0.00, 17.00)*(0.00, 0.00, 0.00)*(1.00, 1.00, 1.00)
Desert*1*(2.00, 0.00, -5.00)*(0.00, 0.00, 0.00)*(1.00, 1.00, 1.00)
Desert*1*(-9.00, 0.00, 6.00)*(0.00, 0.00, 0.00)*(1.00, 1.00, 1.00)
Desert*1*(1.00, 0.00, 6.00)*(0.00, 0.00, 0.00)*(1.00, 1.00, 1.00)
Desert*1*(1.00, 0.00, 17.00)*(0.00, 0.00, 0.00)*(1.00, 1.00, 1.00)
Desert*1*(-10.00, 0.00, 17.00)*(0.00, 0.00, 0.00)*(1.00, 1.00, 1.00)
Desert*1*(-10.00, 0.00, -5.00)*(0.00, 0.00, 0.00)*(1.00, 1.00, 1.00)
Desert*1*(12.00, 0.00, -5.00)*(0.00, 0.00, 0.00)*(1.00, 1.00, 1.00)
Desert*1*(12.00, 0.00, 6.00)*(0.00, 0.00, 0.00)*(1.00, 1.00, 1.00)
Desert*1*(12.00, 0.00, 17.00)*(0.00, 0.00, 0.00)*(1.00, 1.00, 1.00)
Desert*1*(1.00, 0.00, -5.00)*(0.00, 0.00, 0.00)*(1.00, 1.00, 1.00)
Desert*1*(-10.00, 0.00, 6.00)*(0.00, 0.00, 0.00)*(1.00, 1.00, 1.00)
Desert*1*(0.00, 0.00, 5.00)*(0.00, 0.00, 0.00)*(1.00, 1.00, 1.00)
Desert*1*(0.00, 0.00, 16.00)*(0.00, 0.00, 0.00)*(1.00, 1.00, 1.00)
Desert*1*(-11.00, 0.00, 16.00)*(0.00, 0.00, 0.00)*(1.00, 1.00, 1.00)
Desert*1*(-11.00, 0.00, -6.00)*(0.00, 0.00, 0.00)*(1.00, 1.00, 1.00)
Desert*1*(11.00, 0.00, -6.00)*(0.00, 0.00, 0.00)*(1.00, 1.00, 1.00)
Desert*1*(11.00, 0.00, 5.00)*(0.00, 0.00, 0.00)*(1.00, 1.00, 1.00)
Desert*1*(11.00, 0.00, 16.00)*(0.00, 0.00, 0.00)*(1.00, 1.00, 1.00)
Desert*1*(0.00, 0.00, -6.00)*(0.00, 0.00, 0.00)*(1.00, 1.00, 1.00)
Desert*1*(-11.00, 0.00, 5.00)*(0.00, 0.00, 0.00)*(1.00, 1.00, 1.00)
Desert*1*(7.00, 0.00, 5.00)*(0.00, 0.00, 0.00)*(1.00, 1.00, 1.00)
Desert*1*(7.00, 0.00, 16.00)*(0.00, 0.00, 0.00)*(1.00, 1.00, 1.00)
Desert*1*(-4.00, 0.00, 16.00)*(0.00, 0.00, 0.00)*(1.00, 1.00, 1.00)
Desert*1*(-4.00, 0.00, -6.00)*(0.00, 0.00, 0.00)*(1.00, 1.00, 1.00)
Desert*1*(18.00, 0.00, -6.00)*(0.00, 0.00, 0.00)*(1.00, 1.00, 1.00)
Desert*1*(18.00, 0.00, 5.00)*(0.00, 0.00, 0.00)*(1.00, 1.00, 1.00)
Desert*1*(18.00, 0.00, 16.00)*(0.00, 0.00, 0.00)*(1.00, 1.00, 1.00)
Desert*1*(7.00, 0.00, -6.00)*(0.00, 0.00, 0.00)*(1.00, 1.00, 1.00)
Desert*1*(-4.00, 0.00, 5.00)*(0.00, 0.00, 0.00)*(1.00, 1.00, 1.00)
Desert*1*(10.00, 0.00, 5.00)*(0.00, 0.00, 0.00)*(1.00, 1.00, 1.00)
Desert*1*(10.00, 0.00, 16.00)*(0.00, 0.00, 0.00)*(1.00, 1.00, 1.00)
Desert*1*(-1.00, 0.00, 16.00)*(0.00, 0.00, 0.00)*(1.00, 1.00, 1.00)
Desert*1*(-1.00, 0.00, -6.00)*(0.00, 0.00, 0.00)*(1.00, 1.00, 1.00)
Desert*1*(21.00, 0.00, -6.00)*(0.00, 0.00, 0.00)*(1.00, 1.00, 1.00)
Desert*1*(21.00, 0.00, 5.00)*(0.00, 0.00, 0.00)*(1.00, 1.00, 1.00)
Desert*1*(21.00, 0.00, 16.00)*(0.00, 0.00, 0.00)*(1.00, 1.00, 1.00)
Desert*1*(10.00, 0.00, -6.00)*(0.00, 0.00, 0.00)*(1.00, 1.00, 1.00)
Desert*1*(-1.00, 0.00, 5.00)*(0.00, 0.00, 0.00)*(1.00, 1.00, 1.00)
Desert*1*(9.00, 0.00, 5.00)*(0.00, 0.00, 0.00)*(1.00, 1.00, 1.00)
Desert*1*(9.00, 0.00, 16.00)*(0.00, 0.00, 0.00)*(1.00, 1.00, 1.00)
Desert*1*(-2.00, 0.00, 16.00)*(0.00, 0.00, 0.00)*(1.00, 1.00, 1.00)
Desert*1*(-2.00, 0.00, -6.00)*(0.00, 0.00, 0.00)*(1.00, 1.00, 1.00)
Desert*1*(20.00, 0.00, -6.00)*(0.00, 0.00, 0.00)*(1.00, 1.00, 1.00)
Desert*1*(20.00, 0.00, 5.00)*(0.00, 0.00, 0.00)*(1.00, 1.00, 1.00)
Desert*1*(20.00, 0.00, 16.00)*(0.00, 0.00, 0.00)*(1.00, 1.00, 1.00)
Desert*1*(9.00, 0.00, -6.00)*(0.00, 0.00, 0.00)*(1.00, 1.00, 1.00)
Desert*1*(-2.00, 0.00, 5.00)*(0.00, 0.00, 0.00)*(1.00, 1.00, 1.00)
Desert*1*(8.00, 0.00, 5.00)*(0.00, 0.00, 0.00)*(1.00, 1.00, 1.00)
Desert*1*(8.00, 0.00, 16.00)*(0.00, 0.00, 0.00)*(1.00, 1.00, 1.00)
Desert*1*(-3.00, 0.00, 16.00)*(0.00, 0.00, 0.00)*(1.00, 1.00, 1.00)
Desert*1*(-3.00, 0.00, -6.00)*(0.00, 0.00, 0.00)*(1.00, 1.00, 1.00)
Desert*1*(19.00, 0.00, -6.00)*(0.00, 0.00, 0.00)*(1.00, 1.00, 1.00)
Desert*1*(19.00, 0.00, 5.00)*(0.00, 0.00, 0.00)*(1.00, 1.00, 1.00)
Desert*1*(19.00, 0.00, 16.00)*(0.00, 0.00, 0.00)*(1.00, 1.00, 1.00)
Desert*1*(8.00, 0.00, -6.00)*(0.00, 0.00, 0.00)*(1.00, 1.00, 1.00)
Desert*1*(-3.00, 0.00, 5.00)*(0.00, 0.00, 0.00)*(1.00, 1.00, 1.00)
Desert*1*(6.00, 0.00, 5.00)*(0.00, 0.00, 0.00)*(1.00, 1.00, 1.00)
Desert*1*(6.00, 0.00, 16.00)*(0.00, 0.00, 0.00)*(1.00, 1.00, 1.00)
Desert*1*(-5.00, 0.00, 16.00)*(0.00, 0.00, 0.00)*(1.00, 1.00, 1.00)
Desert*1*(-5.00, 0.00, -6.00)*(0.00, 0.00, 0.00)*(1.00, 1.00, 1.00)
Desert*1*(17.00, 0.00, -6.00)*(0.00, 0.00, 0.00)*(1.00, 1.00, 1.00)
Desert*1*(17.00, 0.00, 5.00)*(0.00, 0.00, 0.00)*(1.00, 1.00, 1.00)
Desert*1*(17.00, 0.00, 16.00)*(0.00, 0.00, 0.00)*(1.00, 1.00, 1.00)
Desert*1*(6.00, 0.00, -6.00)*(0.00, 0.00, 0.00)*(1.00, 1.00, 1.00)
Desert*1*(-5.00, 0.00, 5.00)*(0.00, 0.00, 0.00)*(1.00, 1.00, 1.00)
Desert*1*(5.00, 0.00, 5.00)*(0.00, 0.00, 0.00)*(1.00, 1.00, 1.00)
Desert*1*(5.00, 0.00, 16.00)*(0.00, 0.00, 0.00)*(1.00, 1.00, 1.00)
Desert*1*(-6.00, 0.00, 16.00)*(0.00, 0.00, 0.00)*(1.00, 1.00, 1.00)
Desert*1*(-6.00, 0.00, -6.00)*(0.00, 0.00, 0.00)*(1.00, 1.00, 1.00)
Desert*1*(16.00, 0.00, -6.00)*(0.00, 0.00, 0.00)*(1.00, 1.00, 1.00)
Desert*1*(16.00, 0.00, 5.00)*(0.00, 0.00, 0.00)*(1.00, 1.00, 1.00)
Desert*1*(16.00, 0.00, 16.00)*(0.00, 0.00, 0.00)*(1.00, 1.00, 1.00)
Desert*1*(5.00, 0.00, -6.00)*(0.00, 0.00, 0.00)*(1.00, 1.00, 1.00)
Desert*1*(-6.00, 0.00, 5.00)*(0.00, 0.00, 0.00)*(1.00, 1.00, 1.00)
Desert*1*(4.00, 0.00, 5.00)*(0.00, 0.00, 0.00)*(1.00, 1.00, 1.00)
Desert*1*(4.00, 0.00, 16.00)*(0.00, 0.00, 0.00)*(1.00, 1.00, 1.00)
Desert*1*(-7.00, 0.00, 16.00)*(0.00, 0.00, 0.00)*(1.00, 1.00, 1.00)
Desert*1*(-7.00, 0.00, -6.00)*(0.00, 0.00, 0.00)*(1.00, 1.00, 1.00)
Desert*1*(15.00, 0.00, -6.00)*(0.00, 0.00, 0.00)*(1.00, 1.00, 1.00)
Desert*1*(15.00, 0.00, 5.00)*(0.00, 0.00, 0.00)*(1.00, 1.00, 1.00)
Desert*1*(15.00, 0.00, 16.00)*(0.00, 0.00, 0.00)*(1.00, 1.00, 1.00)
Desert*1*(4.00, 0.00, -6.00)*(0.00, 0.00, 0.00)*(1.00, 1.00, 1.00)
Desert*1*(-7.00, 0.00, 5.00)*(0.00, 0.00, 0.00)*(1.00, 1.00, 1.00)
Desert*1*(3.00, 0.00, 5.00)*(0.00, 0.00, 0.00)*(1.00, 1.00, 1.00)
Desert*1*(3.00, 0.00, 16.00)*(0.00, 0.00, 0.00)*(1.00, 1.00, 1.00)
Desert*1*(-8.00, 0.00, 16.00)*(0.00, 0.00, 0.00)*(1.00, 1.00, 1.00)
Desert*1*(-8.00, 0.00, -6.00)*(0.00, 0.00, 0.00)*(1.00, 1.00, 1.00)
Desert*1*(14.00, 0.00, -6.00)*(0.00, 0.00, 0.00)*(1.00, 1.00, 1.00)
Desert*1*(14.00, 0.00, 5.00)*(0.00, 0.00, 0.00)*(1.00, 1.00, 1.00)
Desert*1*(14.00, 0.00, 16.00)*(0.00, 0.00, 0.00)*(1.00, 1.00, 1.00)
Desert*1*(3.00, 0.00, -6.00)*(0.00, 0.00, 0.00)*(1.00, 1.00, 1.00)
Desert*1*(-8.00, 0.00, 5.00)*(0.00, 0.00, 0.00)*(1.00, 1.00, 1.00)
Desert*1*(2.00, 0.00, 5.00)*(0.00, 0.00, 0.00)*(1.00, 1.00, 1.00)
Desert*1*(2.00, 0.00, 16.00)*(0.00, 0.00, 0.00)*(1.00, 1.00, 1.00)
Desert*1*(-9.00, 0.00, 16.00)*(0.00, 0.00, 0.00)*(1.00, 1.00, 1.00)
Desert*1*(-9.00, 0.00, -6.00)*(0.00, 0.00, 0.00)*(1.00, 1.00, 1.00)
Desert*1*(13.00, 0.00, -6.00)*(0.00, 0.00, 0.00)*(1.00, 1.00, 1.00)
Desert*1*(13.00, 0.00, 5.00)*(0.00, 0.00, 0.00)*(1.00, 1.00, 1.00)
Desert*1*(13.00, 0.00, 16.00)*(0.00, 0.00, 0.00)*(1.00, 1.00, 1.00)
Desert*1*(2.00, 0.00, -6.00)*(0.00, 0.00, 0.00)*(1.00, 1.00, 1.00)
Desert*1*(-9.00, 0.00, 5.00)*(0.00, 0.00, 0.00)*(1.00, 1.00, 1.00)
Desert*1*(1.00, 0.00, 5.00)*(0.00, 0.00, 0.00)*(1.00, 1.00, 1.00)
Desert*1*(1.00, 0.00, 16.00)*(0.00, 0.00, 0.00)*(1.00, 1.00, 1.00)
Desert*1*(-10.00, 0.00, 16.00)*(0.00, 0.00, 0.00)*(1.00, 1.00, 1.00)
Desert*1*(-10.00, 0.00, -6.00)*(0.00, 0.00, 0.00)*(1.00, 1.00, 1.00)
Desert*1*(12.00, 0.00, -6.00)*(0.00, 0.00, 0.00)*(1.00, 1.00, 1.00)
Desert*1*(12.00, 0.00, 5.00)*(0.00, 0.00, 0.00)*(1.00, 1.00, 1.00)
Desert*1*(12.00, 0.00, 16.00)*(0.00, 0.00, 0.00)*(1.00, 1.00, 1.00)
Desert*1*(1.00, 0.00, -6.00)*(0.00, 0.00, 0.00)*(1.00, 1.00, 1.00)
Desert*1*(-10.00, 0.00, 5.00)*(0.00, 0.00, 0.00)*(1.00, 1.00, 1.00)
Desert*1*(0.00, 0.00, 4.00)*(0.00, 0.00, 0.00)*(1.00, 1.00, 1.00)
Desert*1*(0.00, 0.00, 15.00)*(0.00, 0.00, 0.00)*(1.00, 1.00, 1.00)
Desert*1*(-11.00, 0.00, 15.00)*(0.00, 0.00, 0.00)*(1.00, 1.00, 1.00)
Desert*1*(-11.00, 0.00, -7.00)*(0.00, 0.00, 0.00)*(1.00, 1.00, 1.00)
Desert*1*(11.00, 0.00, -7.00)*(0.00, 0.00, 0.00)*(1.00, 1.00, 1.00)
Desert*1*(11.00, 0.00, 4.00)*(0.00, 0.00, 0.00)*(1.00, 1.00, 1.00)
Desert*1*(11.00, 0.00, 15.00)*(0.00, 0.00, 0.00)*(1.00, 1.00, 1.00)
Desert*1*(0.00, 0.00, -7.00)*(0.00, 0.00, 0.00)*(1.00, 1.00, 1.00)
Desert*1*(-11.00, 0.00, 4.00)*(0.00, 0.00, 0.00)*(1.00, 1.00, 1.00)
Desert*1*(7.00, 0.00, 4.00)*(0.00, 0.00, 0.00)*(1.00, 1.00, 1.00)
Desert*1*(7.00, 0.00, 15.00)*(0.00, 0.00, 0.00)*(1.00, 1.00, 1.00)
Desert*1*(-4.00, 0.00, 15.00)*(0.00, 0.00, 0.00)*(1.00, 1.00, 1.00)
Desert*1*(-4.00, 0.00, -7.00)*(0.00, 0.00, 0.00)*(1.00, 1.00, 1.00)
Desert*1*(18.00, 0.00, -7.00)*(0.00, 0.00, 0.00)*(1.00, 1.00, 1.00)
Desert*1*(18.00, 0.00, 4.00)*(0.00, 0.00, 0.00)*(1.00, 1.00, 1.00)
Desert*1*(18.00, 0.00, 15.00)*(0.00, 0.00, 0.00)*(1.00, 1.00, 1.00)
Desert*1*(7.00, 0.00, -7.00)*(0.00, 0.00, 0.00)*(1.00, 1.00, 1.00)
Desert*1*(-4.00, 0.00, 4.00)*(0.00, 0.00, 0.00)*(1.00, 1.00, 1.00)
Desert*1*(10.00, 0.00, 4.00)*(0.00, 0.00, 0.00)*(1.00, 1.00, 1.00)
Desert*1*(10.00, 0.00, 15.00)*(0.00, 0.00, 0.00)*(1.00, 1.00, 1.00)
Desert*1*(-1.00, 0.00, 15.00)*(0.00, 0.00, 0.00)*(1.00, 1.00, 1.00)
Desert*1*(-1.00, 0.00, -7.00)*(0.00, 0.00, 0.00)*(1.00, 1.00, 1.00)
Desert*1*(21.00, 0.00, -7.00)*(0.00, 0.00, 0.00)*(1.00, 1.00, 1.00)
Desert*1*(21.00, 0.00, 4.00)*(0.00, 0.00, 0.00)*(1.00, 1.00, 1.00)
Desert*1*(21.00, 0.00, 15.00)*(0.00, 0.00, 0.00)*(1.00, 1.00, 1.00)
Desert*1*(10.00, 0.00, -7.00)*(0.00, 0.00, 0.00)*(1.00, 1.00, 1.00)
Desert*1*(-1.00, 0.00, 4.00)*(0.00, 0.00, 0.00)*(1.00, 1.00, 1.00)
Desert*1*(9.00, 0.00, 4.00)*(0.00, 0.00, 0.00)*(1.00, 1.00, 1.00)
Desert*1*(9.00, 0.00, 15.00)*(0.00, 0.00, 0.00)*(1.00, 1.00, 1.00)
Desert*1*(-2.00, 0.00, 15.00)*(0.00, 0.00, 0.00)*(1.00, 1.00, 1.00)
Desert*1*(-2.00, 0.00, -7.00)*(0.00, 0.00, 0.00)*(1.00, 1.00, 1.00)
Desert*1*(20.00, 0.00, -7.00)*(0.00, 0.00, 0.00)*(1.00, 1.00, 1.00)
Desert*1*(20.00, 0.00, 4.00)*(0.00, 0.00, 0.00)*(1.00, 1.00, 1.00)
Desert*1*(20.00, 0.00, 15.00)*(0.00, 0.00, 0.00)*(1.00, 1.00, 1.00)
Desert*1*(9.00, 0.00, -7.00)*(0.00, 0.00, 0.00)*(1.00, 1.00, 1.00)
Desert*1*(-2.00, 0.00, 4.00)*(0.00, 0.00, 0.00)*(1.00, 1.00, 1.00)
Desert*1*(8.00, 0.00, 4.00)*(0.00, 0.00, 0.00)*(1.00, 1.00, 1.00)
Desert*1*(8.00, 0.00, 15.00)*(0.00, 0.00, 0.00)*(1.00, 1.00, 1.00)
Desert*1*(-3.00, 0.00, 15.00)*(0.00, 0.00, 0.00)*(1.00, 1.00, 1.00)
Desert*1*(-3.00, 0.00, -7.00)*(0.00, 0.00, 0.00)*(1.00, 1.00, 1.00)
Desert*1*(19.00, 0.00, -7.00)*(0.00, 0.00, 0.00)*(1.00, 1.00, 1.00)
Desert*1*(19.00, 0.00, 4.00)*(0.00, 0.00, 0.00)*(1.00, 1.00, 1.00)
Desert*1*(19.00, 0.00, 15.00)*(0.00, 0.00, 0.00)*(1.00, 1.00, 1.00)
Desert*1*(8.00, 0.00, -7.00)*(0.00, 0.00, 0.00)*(1.00, 1.00, 1.00)
Desert*1*(-3.00, 0.00, 4.00)*(0.00, 0.00, 0.00)*(1.00, 1.00, 1.00)
Desert*1*(6.00, 0.00, 4.00)*(0.00, 0.00, 0.00)*(1.00, 1.00, 1.00)
Desert*1*(6.00, 0.00, 15.00)*(0.00, 0.00, 0.00)*(1.00, 1.00, 1.00)
Desert*1*(-5.00, 0.00, 15.00)*(0.00, 0.00, 0.00)*(1.00, 1.00, 1.00)
Desert*1*(-5.00, 0.00, -7.00)*(0.00, 0.00, 0.00)*(1.00, 1.00, 1.00)
Desert*1*(17.00, 0.00, -7.00)*(0.00, 0.00, 0.00)*(1.00, 1.00, 1.00)
Desert*1*(17.00, 0.00, 4.00)*(0.00, 0.00, 0.00)*(1.00, 1.00, 1.00)
Desert*1*(17.00, 0.00, 15.00)*(0.00, 0.00, 0.00)*(1.00, 1.00, 1.00)
Desert*1*(6.00, 0.00, -7.00)*(0.00, 0.00, 0.00)*(1.00, 1.00, 1.00)
Desert*1*(-5.00, 0.00, 4.00)*(0.00, 0.00, 0.00)*(1.00, 1.00, 1.00)
Desert*1*(5.00, 0.00, 4.00)*(0.00, 0.00, 0.00)*(1.00, 1.00, 1.00)
Desert*1*(5.00, 0.00, 15.00)*(0.00, 0.00, 0.00)*(1.00, 1.00, 1.00)
Desert*1*(-6.00, 0.00, 15.00)*(0.00, 0.00, 0.00)*(1.00, 1.00, 1.00)
Desert*1*(-6.00, 0.00, -7.00)*(0.00, 0.00, 0.00)*(1.00, 1.00, 1.00)
Desert*1*(16.00, 0.00, -7.00)*(0.00, 0.00, 0.00)*(1.00, 1.00, 1.00)
Desert*1*(16.00, 0.00, 4.00)*(0.00, 0.00, 0.00)*(1.00, 1.00, 1.00)
Desert*1*(16.00, 0.00, 15.00)*(0.00, 0.00, 0.00)*(1.00, 1.00, 1.00)
Desert*1*(5.00, 0.00, -7.00)*(0.00, 0.00, 0.00)*(1.00, 1.00, 1.00)
Desert*1*(-6.00, 0.00, 4.00)*(0.00, 0.00, 0.00)*(1.00, 1.00, 1.00)
Desert*1*(4.00, 0.00, 4.00)*(0.00, 0.00, 0.00)*(1.00, 1.00, 1.00)
Desert*1*(4.00, 0.00, 15.00)*(0.00, 0.00, 0.00)*(1.00, 1.00, 1.00)
Desert*1*(-7.00, 0.00, 15.00)*(0.00, 0.00, 0.00)*(1.00, 1.00, 1.00)
Desert*1*(-7.00, 0.00, -7.00)*(0.00, 0.00, 0.00)*(1.00, 1.00, 1.00)
Desert*1*(15.00, 0.00, -7.00)*(0.00, 0.00, 0.00)*(1.00, 1.00, 1.00)
Desert*1*(15.00, 0.00, 4.00)*(0.00, 0.00, 0.00)*(1.00, 1.00, 1.00)
Desert*1*(15.00, 0.00, 15.00)*(0.00, 0.00, 0.00)*(1.00, 1.00, 1.00)
Desert*1*(4.00, 0.00, -7.00)*(0.00, 0.00, 0.00)*(1.00, 1.00, 1.00)
Desert*1*(-7.00, 0.00, 4.00)*(0.00, 0.00, 0.00)*(1.00, 1.00, 1.00)
Desert*1*(3.00, 0.00, 4.00)*(0.00, 0.00, 0.00)*(1.00, 1.00, 1.00)
Desert*1*(3.00, 0.00, 15.00)*(0.00, 0.00, 0.00)*(1.00, 1.00, 1.00)
Desert*1*(-8.00, 0.00, 15.00)*(0.00, 0.00, 0.00)*(1.00, 1.00, 1.00)
Desert*1*(-8.00, 0.00, -7.00)*(0.00, 0.00, 0.00)*(1.00, 1.00, 1.00)
Desert*1*(14.00, 0.00, -7.00)*(0.00, 0.00, 0.00)*(1.00, 1.00, 1.00)
Desert*1*(14.00, 0.00, 4.00)*(0.00, 0.00, 0.00)*(1.00, 1.00, 1.00)
Desert*1*(14.00, 0.00, 15.00)*(0.00, 0.00, 0.00)*(1.00, 1.00, 1.00)
Desert*1*(3.00, 0.00, -7.00)*(0.00, 0.00, 0.00)*(1.00, 1.00, 1.00)
Desert*1*(-8.00, 0.00, 4.00)*(0.00, 0.00, 0.00)*(1.00, 1.00, 1.00)
Desert*1*(2.00, 0.00, 4.00)*(0.00, 0.00, 0.00)*(1.00, 1.00, 1.00)
Desert*1*(2.00, 0.00, 15.00)*(0.00, 0.00, 0.00)*(1.00, 1.00, 1.00)
Desert*1*(-9.00, 0.00, 15.00)*(0.00, 0.00, 0.00)*(1.00, 1.00, 1.00)
Desert*1*(-9.00, 0.00, -7.00)*(0.00, 0.00, 0.00)*(1.00, 1.00, 1.00)
Desert*1*(13.00, 0.00, -7.00)*(0.00, 0.00, 0.00)*(1.00, 1.00, 1.00)
Desert*1*(13.00, 0.00, 4.00)*(0.00, 0.00, 0.00)*(1.00, 1.00, 1.00)
Desert*1*(13.00, 0.00, 15.00)*(0.00, 0.00, 0.00)*(1.00, 1.00, 1.00)
Desert*1*(2.00, 0.00, -7.00)*(0.00, 0.00, 0.00)*(1.00, 1.00, 1.00)
Desert*1*(-9.00, 0.00, 4.00)*(0.00, 0.00, 0.00)*(1.00, 1.00, 1.00)
Desert*1*(1.00, 0.00, 4.00)*(0.00, 0.00, 0.00)*(1.00, 1.00, 1.00)
Desert*1*(1.00, 0.00, 15.00)*(0.00, 0.00, 0.00)*(1.00, 1.00, 1.00)
Desert*1*(-10.00, 0.00, 15.00)*(0.00, 0.00, 0.00)*(1.00, 1.00, 1.00)
Desert*1*(-10.00, 0.00, -7.00)*(0.00, 0.00, 0.00)*(1.00, 1.00, 1.00)
Desert*1*(12.00, 0.00, -7.00)*(0.00, 0.00, 0.00)*(1.00, 1.00, 1.00)
Desert*1*(12.00, 0.00, 4.00)*(0.00, 0.00, 0.00)*(1.00, 1.00, 1.00)
Desert*1*(12.00, 0.00, 15.00)*(0.00, 0.00, 0.00)*(1.00, 1.00, 1.00)
Desert*1*(1.00, 0.00, -7.00)*(0.00, 0.00, 0.00)*(1.00, 1.00, 1.00)
Desert*1*(-10.00, 0.00, 4.00)*(0.00, 0.00, 0.00)*(1.00, 1.00, 1.00)
Desert*1*(0.00, 0.00, 3.00)*(0.00, 0.00, 0.00)*(1.00, 1.00, 1.00)
Desert*1*(0.00, 0.00, 14.00)*(0.00, 0.00, 0.00)*(1.00, 1.00, 1.00)
Desert*1*(-11.00, 0.00, 14.00)*(0.00, 0.00, 0.00)*(1.00, 1.00, 1.00)
Desert*1*(-11.00, 0.00, -8.00)*(0.00, 0.00, 0.00)*(1.00, 1.00, 1.00)
Desert*1*(11.00, 0.00, -8.00)*(0.00, 0.00, 0.00)*(1.00, 1.00, 1.00)
Desert*1*(11.00, 0.00, 3.00)*(0.00, 0.00, 0.00)*(1.00, 1.00, 1.00)
Desert*1*(11.00, 0.00, 14.00)*(0.00, 0.00, 0.00)*(1.00, 1.00, 1.00)
Desert*1*(0.00, 0.00, -8.00)*(0.00, 0.00, 0.00)*(1.00, 1.00, 1.00)
Desert*1*(-11.00, 0.00, 3.00)*(0.00, 0.00, 0.00)*(1.00, 1.00, 1.00)
Desert*1*(7.00, 0.00, 3.00)*(0.00, 0.00, 0.00)*(1.00, 1.00, 1.00)
Desert*1*(7.00, 0.00, 14.00)*(0.00, 0.00, 0.00)*(1.00, 1.00, 1.00)
Desert*1*(-4.00, 0.00, 14.00)*(0.00, 0.00, 0.00)*(1.00, 1.00, 1.00)
Desert*1*(-4.00, 0.00, -8.00)*(0.00, 0.00, 0.00)*(1.00, 1.00, 1.00)
Desert*1*(18.00, 0.00, -8.00)*(0.00, 0.00, 0.00)*(1.00, 1.00, 1.00)
Desert*1*(18.00, 0.00, 3.00)*(0.00, 0.00, 0.00)*(1.00, 1.00, 1.00)
Desert*1*(18.00, 0.00, 14.00)*(0.00, 0.00, 0.00)*(1.00, 1.00, 1.00)
Desert*1*(7.00, 0.00, -8.00)*(0.00, 0.00, 0.00)*(1.00, 1.00, 1.00)
Desert*1*(-4.00, 0.00, 3.00)*(0.00, 0.00, 0.00)*(1.00, 1.00, 1.00)
Desert*1*(10.00, 0.00, 3.00)*(0.00, 0.00, 0.00)*(1.00, 1.00, 1.00)
Desert*1*(10.00, 0.00, 14.00)*(0.00, 0.00, 0.00)*(1.00, 1.00, 1.00)
Desert*1*(-1.00, 0.00, 14.00)*(0.00, 0.00, 0.00)*(1.00, 1.00, 1.00)
Desert*1*(-1.00, 0.00, -8.00)*(0.00, 0.00, 0.00)*(1.00, 1.00, 1.00)
Desert*1*(21.00, 0.00, -8.00)*(0.00, 0.00, 0.00)*(1.00, 1.00, 1.00)
Desert*1*(21.00, 0.00, 3.00)*(0.00, 0.00, 0.00)*(1.00, 1.00, 1.00)
Desert*1*(21.00, 0.00, 14.00)*(0.00, 0.00, 0.00)*(1.00, 1.00, 1.00)
Desert*1*(10.00, 0.00, -8.00)*(0.00, 0.00, 0.00)*(1.00, 1.00, 1.00)
Desert*1*(-1.00, 0.00, 3.00)*(0.00, 0.00, 0.00)*(1.00, 1.00, 1.00)
Desert*1*(9.00, 0.00, 3.00)*(0.00, 0.00, 0.00)*(1.00, 1.00, 1.00)
Desert*1*(9.00, 0.00, 14.00)*(0.00, 0.00, 0.00)*(1.00, 1.00, 1.00)
Desert*1*(-2.00, 0.00, 14.00)*(0.00, 0.00, 0.00)*(1.00, 1.00, 1.00)
Desert*1*(-2.00, 0.00, -8.00)*(0.00, 0.00, 0.00)*(1.00, 1.00, 1.00)
Desert*1*(20.00, 0.00, -8.00)*(0.00, 0.00, 0.00)*(1.00, 1.00, 1.00)
Desert*1*(20.00, 0.00, 3.00)*(0.00, 0.00, 0.00)*(1.00, 1.00, 1.00)
Desert*1*(20.00, 0.00, 14.00)*(0.00, 0.00, 0.00)*(1.00, 1.00, 1.00)
Desert*1*(9.00, 0.00, -8.00)*(0.00, 0.00, 0.00)*(1.00, 1.00, 1.00)
Desert*1*(-2.00, 0.00, 3.00)*(0.00, 0.00, 0.00)*(1.00, 1.00, 1.00)
Desert*1*(8.00, 0.00, 3.00)*(0.00, 0.00, 0.00)*(1.00, 1.00, 1.00)
Desert*1*(8.00, 0.00, 14.00)*(0.00, 0.00, 0.00)*(1.00, 1.00, 1.00)
Desert*1*(-3.00, 0.00, 14.00)*(0.00, 0.00, 0.00)*(1.00, 1.00, 1.00)
Desert*1*(-3.00, 0.00, -8.00)*(0.00, 0.00, 0.00)*(1.00, 1.00, 1.00)
Desert*1*(19.00, 0.00, -8.00)*(0.00, 0.00, 0.00)*(1.00, 1.00, 1.00)
Desert*1*(19.00, 0.00, 3.00)*(0.00, 0.00, 0.00)*(1.00, 1.00, 1.00)
Desert*1*(19.00, 0.00, 14.00)*(0.00, 0.00, 0.00)*(1.00, 1.00, 1.00)
Desert*1*(8.00, 0.00, -8.00)*(0.00, 0.00, 0.00)*(1.00, 1.00, 1.00)
Desert*1*(-3.00, 0.00, 3.00)*(0.00, 0.00, 0.00)*(1.00, 1.00, 1.00)
Desert*1*(6.00, 0.00, 3.00)*(0.00, 0.00, 0.00)*(1.00, 1.00, 1.00)
Desert*1*(6.00, 0.00, 14.00)*(0.00, 0.00, 0.00)*(1.00, 1.00, 1.00)
Desert*1*(-5.00, 0.00, 14.00)*(0.00, 0.00, 0.00)*(1.00, 1.00, 1.00)
Desert*1*(-5.00, 0.00, -8.00)*(0.00, 0.00, 0.00)*(1.00, 1.00, 1.00)
Desert*1*(17.00, 0.00, -8.00)*(0.00, 0.00, 0.00)*(1.00, 1.00, 1.00)
Desert*1*(17.00, 0.00, 3.00)*(0.00, 0.00, 0.00)*(1.00, 1.00, 1.00)
Desert*1*(17.00, 0.00, 14.00)*(0.00, 0.00, 0.00)*(1.00, 1.00, 1.00)
Desert*1*(6.00, 0.00, -8.00)*(0.00, 0.00, 0.00)*(1.00, 1.00, 1.00)
Desert*1*(-5.00, 0.00, 3.00)*(0.00, 0.00, 0.00)*(1.00, 1.00, 1.00)
Desert*1*(5.00, 0.00, 3.00)*(0.00, 0.00, 0.00)*(1.00, 1.00, 1.00)
Desert*1*(5.00, 0.00, 14.00)*(0.00, 0.00, 0.00)*(1.00, 1.00, 1.00)
Desert*1*(-6.00, 0.00, 14.00)*(0.00, 0.00, 0.00)*(1.00, 1.00, 1.00)
Desert*1*(-6.00, 0.00, -8.00)*(0.00, 0.00, 0.00)*(1.00, 1.00, 1.00)
Desert*1*(16.00, 0.00, -8.00)*(0.00, 0.00, 0.00)*(1.00, 1.00, 1.00)
Desert*1*(16.00, 0.00, 3.00)*(0.00, 0.00, 0.00)*(1.00, 1.00, 1.00)
Desert*1*(16.00, 0.00, 14.00)*(0.00, 0.00, 0.00)*(1.00, 1.00, 1.00)
Desert*1*(5.00, 0.00, -8.00)*(0.00, 0.00, 0.00)*(1.00, 1.00, 1.00)
Desert*1*(-6.00, 0.00, 3.00)*(0.00, 0.00, 0.00)*(1.00, 1.00, 1.00)
Desert*1*(4.00, 0.00, 3.00)*(0.00, 0.00, 0.00)*(1.00, 1.00, 1.00)
Desert*1*(4.00, 0.00, 14.00)*(0.00, 0.00, 0.00)*(1.00, 1.00, 1.00)
Desert*1*(-7.00, 0.00, 14.00)*(0.00, 0.00, 0.00)*(1.00, 1.00, 1.00)
Desert*1*(-7.00, 0.00, -8.00)*(0.00, 0.00, 0.00)*(1.00, 1.00, 1.00)
Desert*1*(15.00, 0.00, -8.00)*(0.00, 0.00, 0.00)*(1.00, 1.00, 1.00)
Desert*1*(15.00, 0.00, 3.00)*(0.00, 0.00, 0.00)*(1.00, 1.00, 1.00)
Desert*1*(15.00, 0.00, 14.00)*(0.00, 0.00, 0.00)*(1.00, 1.00, 1.00)
Desert*1*(4.00, 0.00, -8.00)*(0.00, 0.00, 0.00)*(1.00, 1.00, 1.00)
Desert*1*(-7.00, 0.00, 3.00)*(0.00, 0.00, 0.00)*(1.00, 1.00, 1.00)
Desert*1*(3.00, 0.00, 3.00)*(0.00, 0.00, 0.00)*(1.00, 1.00, 1.00)
Desert*1*(3.00, 0.00, 14.00)*(0.00, 0.00, 0.00)*(1.00, 1.00, 1.00)
Desert*1*(-8.00, 0.00, 14.00)*(0.00, 0.00, 0.00)*(1.00, 1.00, 1.00)
Desert*1*(-8.00, 0.00, -8.00)*(0.00, 0.00, 0.00)*(1.00, 1.00, 1.00)
Desert*1*(14.00, 0.00, -8.00)*(0.00, 0.00, 0.00)*(1.00, 1.00, 1.00)
Desert*1*(14.00, 0.00, 3.00)*(0.00, 0.00, 0.00)*(1.00, 1.00, 1.00)
Desert*1*(14.00, 0.00, 14.00)*(0.00, 0.00, 0.00)*(1.00, 1.00, 1.00)
Desert*1*(3.00, 0.00, -8.00)*(0.00, 0.00, 0.00)*(1.00, 1.00, 1.00)
Desert*1*(-8.00, 0.00, 3.00)*(0.00, 0.00, 0.00)*(1.00, 1.00, 1.00)
Desert*1*(2.00, 0.00, 3.00)*(0.00, 0.00, 0.00)*(1.00, 1.00, 1.00)
Desert*1*(2.00, 0.00, 14.00)*(0.00, 0.00, 0.00)*(1.00, 1.00, 1.00)
Desert*1*(-9.00, 0.00, 14.00)*(0.00, 0.00, 0.00)*(1.00, 1.00, 1.00)
Desert*1*(-9.00, 0.00, -8.00)*(0.00, 0.00, 0.00)*(1.00, 1.00, 1.00)
Desert*1*(13.00, 0.00, -8.00)*(0.00, 0.00, 0.00)*(1.00, 1.00, 1.00)
Desert*1*(13.00, 0.00, 3.00)*(0.00, 0.00, 0.00)*(1.00, 1.00, 1.00)
Desert*1*(13.00, 0.00, 14.00)*(0.00, 0.00, 0.00)*(1.00, 1.00, 1.00)
Desert*1*(2.00, 0.00, -8.00)*(0.00, 0.00, 0.00)*(1.00, 1.00, 1.00)
Desert*1*(-9.00, 0.00, 3.00)*(0.00, 0.00, 0.00)*(1.00, 1.00, 1.00)
Desert*1*(1.00, 0.00, 3.00)*(0.00, 0.00, 0.00)*(1.00, 1.00, 1.00)
Desert*1*(1.00, 0.00, 14.00)*(0.00, 0.00, 0.00)*(1.00, 1.00, 1.00)
Desert*1*(-10.00, 0.00, 14.00)*(0.00, 0.00, 0.00)*(1.00, 1.00, 1.00)
Desert*1*(-10.00, 0.00, -8.00)*(0.00, 0.00, 0.00)*(1.00, 1.00, 1.00)
Desert*1*(12.00, 0.00, -8.00)*(0.00, 0.00, 0.00)*(1.00, 1.00, 1.00)
Desert*1*(12.00, 0.00, 3.00)*(0.00, 0.00, 0.00)*(1.00, 1.00, 1.00)
Desert*1*(12.00, 0.00, 14.00)*(0.00, 0.00, 0.00)*(1.00, 1.00, 1.00)
Desert*1*(1.00, 0.00, -8.00)*(0.00, 0.00, 0.00)*(1.00, 1.00, 1.00)
Desert*1*(-10.00, 0.00, 3.00)*(0.00, 0.00, 0.00)*(1.00, 1.00, 1.00)
Desert*1*(0.00, 0.00, 2.00)*(0.00, 0.00, 0.00)*(1.00, 1.00, 1.00)
Desert*1*(0.00, 0.00, 13.00)*(0.00, 0.00, 0.00)*(1.00, 1.00, 1.00)
Desert*1*(-11.00, 0.00, 13.00)*(0.00, 0.00, 0.00)*(1.00, 1.00, 1.00)
Desert*1*(-11.00, 0.00, -9.00)*(0.00, 0.00, 0.00)*(1.00, 1.00, 1.00)
Desert*1*(11.00, 0.00, -9.00)*(0.00, 0.00, 0.00)*(1.00, 1.00, 1.00)
Desert*1*(11.00, 0.00, 2.00)*(0.00, 0.00, 0.00)*(1.00, 1.00, 1.00)
Desert*1*(11.00, 0.00, 13.00)*(0.00, 0.00, 0.00)*(1.00, 1.00, 1.00)
Desert*1*(0.00, 0.00, -9.00)*(0.00, 0.00, 0.00)*(1.00, 1.00, 1.00)
Desert*1*(-11.00, 0.00, 2.00)*(0.00, 0.00, 0.00)*(1.00, 1.00, 1.00)
Desert*1*(7.00, 0.00, 2.00)*(0.00, 0.00, 0.00)*(1.00, 1.00, 1.00)
Desert*1*(7.00, 0.00, 13.00)*(0.00, 0.00, 0.00)*(1.00, 1.00, 1.00)
Desert*1*(-4.00, 0.00, 13.00)*(0.00, 0.00, 0.00)*(1.00, 1.00, 1.00)
Desert*1*(-4.00, 0.00, -9.00)*(0.00, 0.00, 0.00)*(1.00, 1.00, 1.00)
Desert*1*(18.00, 0.00, -9.00)*(0.00, 0.00, 0.00)*(1.00, 1.00, 1.00)
Desert*1*(18.00, 0.00, 2.00)*(0.00, 0.00, 0.00)*(1.00, 1.00, 1.00)
Desert*1*(18.00, 0.00, 13.00)*(0.00, 0.00, 0.00)*(1.00, 1.00, 1.00)
Desert*1*(7.00, 0.00, -9.00)*(0.00, 0.00, 0.00)*(1.00, 1.00, 1.00)
Desert*1*(-4.00, 0.00, 2.00)*(0.00, 0.00, 0.00)*(1.00, 1.00, 1.00)
Desert*1*(10.00, 0.00, 2.00)*(0.00, 0.00, 0.00)*(1.00, 1.00, 1.00)
Desert*1*(10.00, 0.00, 13.00)*(0.00, 0.00, 0.00)*(1.00, 1.00, 1.00)
Desert*1*(-1.00, 0.00, 13.00)*(0.00, 0.00, 0.00)*(1.00, 1.00, 1.00)
Desert*1*(-1.00, 0.00, -9.00)*(0.00, 0.00, 0.00)*(1.00, 1.00, 1.00)
Desert*1*(21.00, 0.00, -9.00)*(0.00, 0.00, 0.00)*(1.00, 1.00, 1.00)
Desert*1*(21.00, 0.00, 2.00)*(0.00, 0.00, 0.00)*(1.00, 1.00, 1.00)
Desert*1*(21.00, 0.00, 13.00)*(0.00, 0.00, 0.00)*(1.00, 1.00, 1.00)
Desert*1*(10.00, 0.00, -9.00)*(0.00, 0.00, 0.00)*(1.00, 1.00, 1.00)
Desert*1*(-1.00, 0.00, 2.00)*(0.00, 0.00, 0.00)*(1.00, 1.00, 1.00)
Desert*1*(9.00, 0.00, 2.00)*(0.00, 0.00, 0.00)*(1.00, 1.00, 1.00)
Desert*1*(9.00, 0.00, 13.00)*(0.00, 0.00, 0.00)*(1.00, 1.00, 1.00)
Desert*1*(-2.00, 0.00, 13.00)*(0.00, 0.00, 0.00)*(1.00, 1.00, 1.00)
Desert*1*(-2.00, 0.00, -9.00)*(0.00, 0.00, 0.00)*(1.00, 1.00, 1.00)
Desert*1*(20.00, 0.00, -9.00)*(0.00, 0.00, 0.00)*(1.00, 1.00, 1.00)
Desert*1*(20.00, 0.00, 2.00)*(0.00, 0.00, 0.00)*(1.00, 1.00, 1.00)
Desert*1*(20.00, 0.00, 13.00)*(0.00, 0.00, 0.00)*(1.00, 1.00, 1.00)
Desert*1*(9.00, 0.00, -9.00)*(0.00, 0.00, 0.00)*(1.00, 1.00, 1.00)
Desert*1*(-2.00, 0.00, 2.00)*(0.00, 0.00, 0.00)*(1.00, 1.00, 1.00)
Desert*1*(8.00, 0.00, 2.00)*(0.00, 0.00, 0.00)*(1.00, 1.00, 1.00)
Desert*1*(8.00, 0.00, 13.00)*(0.00, 0.00, 0.00)*(1.00, 1.00, 1.00)
Desert*1*(-3.00, 0.00, 13.00)*(0.00, 0.00, 0.00)*(1.00, 1.00, 1.00)
Desert*1*(-3.00, 0.00, -9.00)*(0.00, 0.00, 0.00)*(1.00, 1.00, 1.00)
Desert*1*(19.00, 0.00, -9.00)*(0.00, 0.00, 0.00)*(1.00, 1.00, 1.00)
Desert*1*(19.00, 0.00, 2.00)*(0.00, 0.00, 0.00)*(1.00, 1.00, 1.00)
Desert*1*(19.00, 0.00, 13.00)*(0.00, 0.00, 0.00)*(1.00, 1.00, 1.00)
Desert*1*(8.00, 0.00, -9.00)*(0.00, 0.00, 0.00)*(1.00, 1.00, 1.00)
Desert*1*(-3.00, 0.00, 2.00)*(0.00, 0.00, 0.00)*(1.00, 1.00, 1.00)
Desert*1*(6.00, 0.00, 2.00)*(0.00, 0.00, 0.00)*(1.00, 1.00, 1.00)
Desert*1*(6.00, 0.00, 13.00)*(0.00, 0.00, 0.00)*(1.00, 1.00, 1.00)
Desert*1*(-5.00, 0.00, 13.00)*(0.00, 0.00, 0.00)*(1.00, 1.00, 1.00)
Desert*1*(-5.00, 0.00, -9.00)*(0.00, 0.00, 0.00)*(1.00, 1.00, 1.00)
Desert*1*(17.00, 0.00, -9.00)*(0.00, 0.00, 0.00)*(1.00, 1.00, 1.00)
Desert*1*(17.00, 0.00, 2.00)*(0.00, 0.00, 0.00)*(1.00, 1.00, 1.00)
Desert*1*(17.00, 0.00, 13.00)*(0.00, 0.00, 0.00)*(1.00, 1.00, 1.00)
Desert*1*(6.00, 0.00, -9.00)*(0.00, 0.00, 0.00)*(1.00, 1.00, 1.00)
Desert*1*(-5.00, 0.00, 2.00)*(0.00, 0.00, 0.00)*(1.00, 1.00, 1.00)
Desert*1*(5.00, 0.00, 2.00)*(0.00, 0.00, 0.00)*(1.00, 1.00, 1.00)
Desert*1*(5.00, 0.00, 13.00)*(0.00, 0.00, 0.00)*(1.00, 1.00, 1.00)
Desert*1*(-6.00, 0.00, 13.00)*(0.00, 0.00, 0.00)*(1.00, 1.00, 1.00)
Desert*1*(-6.00, 0.00, -9.00)*(0.00, 0.00, 0.00)*(1.00, 1.00, 1.00)
Desert*1*(16.00, 0.00, -9.00)*(0.00, 0.00, 0.00)*(1.00, 1.00, 1.00)
Desert*1*(16.00, 0.00, 2.00)*(0.00, 0.00, 0.00)*(1.00, 1.00, 1.00)
Desert*1*(16.00, 0.00, 13.00)*(0.00, 0.00, 0.00)*(1.00, 1.00, 1.00)
Desert*1*(5.00, 0.00, -9.00)*(0.00, 0.00, 0.00)*(1.00, 1.00, 1.00)
Desert*1*(-6.00, 0.00, 2.00)*(0.00, 0.00, 0.00)*(1.00, 1.00, 1.00)
Desert*1*(4.00, 0.00, 2.00)*(0.00, 0.00, 0.00)*(1.00, 1.00, 1.00)
Desert*1*(4.00, 0.00, 13.00)*(0.00, 0.00, 0.00)*(1.00, 1.00, 1.00)
Desert*1*(-7.00, 0.00, 13.00)*(0.00, 0.00, 0.00)*(1.00, 1.00, 1.00)
Desert*1*(-7.00, 0.00, -9.00)*(0.00, 0.00, 0.00)*(1.00, 1.00, 1.00)
Desert*1*(15.00, 0.00, -9.00)*(0.00, 0.00, 0.00)*(1.00, 1.00, 1.00)
Desert*1*(15.00, 0.00, 2.00)*(0.00, 0.00, 0.00)*(1.00, 1.00, 1.00)
Desert*1*(15.00, 0.00, 13.00)*(0.00, 0.00, 0.00)*(1.00, 1.00, 1.00)
Desert*1*(4.00, 0.00, -9.00)*(0.00, 0.00, 0.00)*(1.00, 1.00, 1.00)
Desert*1*(-7.00, 0.00, 2.00)*(0.00, 0.00, 0.00)*(1.00, 1.00, 1.00)
Desert*1*(3.00, 0.00, 2.00)*(0.00, 0.00, 0.00)*(1.00, 1.00, 1.00)
Desert*1*(3.00, 0.00, 13.00)*(0.00, 0.00, 0.00)*(1.00, 1.00, 1.00)
Desert*1*(-8.00, 0.00, 13.00)*(0.00, 0.00, 0.00)*(1.00, 1.00, 1.00)
Desert*1*(-8.00, 0.00, -9.00)*(0.00, 0.00, 0.00)*(1.00, 1.00, 1.00)
Desert*1*(14.00, 0.00, -9.00)*(0.00, 0.00, 0.00)*(1.00, 1.00, 1.00)
Desert*1*(14.00, 0.00, 2.00)*(0.00, 0.00, 0.00)*(1.00, 1.00, 1.00)
Desert*1*(14.00, 0.00, 13.00)*(0.00, 0.00, 0.00)*(1.00, 1.00, 1.00)
Desert*1*(3.00, 0.00, -9.00)*(0.00, 0.00, 0.00)*(1.00, 1.00, 1.00)
Desert*1*(-8.00, 0.00, 2.00)*(0.00, 0.00, 0.00)*(1.00, 1.00, 1.00)
Desert*1*(2.00, 0.00, 2.00)*(0.00, 0.00, 0.00)*(1.00, 1.00, 1.00)
Desert*1*(2.00, 0.00, 13.00)*(0.00, 0.00, 0.00)*(1.00, 1.00, 1.00)
Desert*1*(-9.00, 0.00, 13.00)*(0.00, 0.00, 0.00)*(1.00, 1.00, 1.00)
Desert*1*(-9.00, 0.00, -9.00)*(0.00, 0.00, 0.00)*(1.00, 1.00, 1.00)
Desert*1*(13.00, 0.00, -9.00)*(0.00, 0.00, 0.00)*(1.00, 1.00, 1.00)
Desert*1*(13.00, 0.00, 2.00)*(0.00, 0.00, 0.00)*(1.00, 1.00, 1.00)
Desert*1*(13.00, 0.00, 13.00)*(0.00, 0.00, 0.00)*(1.00, 1.00, 1.00)
Desert*1*(2.00, 0.00, -9.00)*(0.00, 0.00, 0.00)*(1.00, 1.00, 1.00)
Desert*1*(-9.00, 0.00, 2.00)*(0.00, 0.00, 0.00)*(1.00, 1.00, 1.00)
Desert*1*(1.00, 0.00, 2.00)*(0.00, 0.00, 0.00)*(1.00, 1.00, 1.00)
Desert*1*(1.00, 0.00, 13.00)*(0.00, 0.00, 0.00)*(1.00, 1.00, 1.00)
Desert*1*(-10.00, 0.00, 13.00)*(0.00, 0.00, 0.00)*(1.00, 1.00, 1.00)
Desert*1*(-10.00, 0.00, -9.00)*(0.00, 0.00, 0.00)*(1.00, 1.00, 1.00)
Desert*1*(12.00, 0.00, -9.00)*(0.00, 0.00, 0.00)*(1.00, 1.00, 1.00)
Desert*1*(12.00, 0.00, 2.00)*(0.00, 0.00, 0.00)*(1.00, 1.00, 1.00)
Desert*1*(12.00, 0.00, 13.00)*(0.00, 0.00, 0.00)*(1.00, 1.00, 1.00)
Desert*1*(1.00, 0.00, -9.00)*(0.00, 0.00, 0.00)*(1.00, 1.00, 1.00)
Desert*1*(-10.00, 0.00, 2.00)*(0.00, 0.00, 0.00)*(1.00, 1.00, 1.00)
Facility*0*(5.00, 3.00, 5.00)*(0.00, 0.00, 0.00)*(1.00, 1.00, 1.00)
Facility*0*(5.00, 3.00, 9.00)*(0.00, 0.00, 0.00)*(1.00, 1.00, 1.00)
Facility*0*(1.00, 3.00, 9.00)*(0.00, 0.00, 0.00)*(1.00, 1.00, 1.00)
Facility*0*(1.00, 3.00, 5.00)*(0.00, 0.00, 0.00)*(1.00, 1.00, 1.00)
Facility*0*(5.00, 2.00, 5.00)*(0.00, 0.00, 0.00)*(1.00, 1.00, 1.00)
Facility*0*(5.00, 2.00, 9.00)*(0.00, 0.00, 0.00)*(1.00, 1.00, 1.00)
Facility*0*(1.00, 2.00, 9.00)*(0.00, 0.00, 0.00)*(1.00, 1.00, 1.00)
Facility*0*(1.00, 2.00, 5.00)*(0.00, 0.00, 0.00)*(1.00, 1.00, 1.00)
Facility*0*(5.00, 1.00, 5.00)*(0.00, 0.00, 0.00)*(1.00, 1.00, 1.00)
Facility*0*(5.00, 1.00, -1.00)*(0.00, 0.00, 0.00)*(1.00, 1.00, 1.00)
Facility*0*(5.00, 2.00, -1.00)*(0.00, 0.00, 0.00)*(1.00, 1.00, 1.00)
Facility*0*(5.00, 1.00, 11.00)*(0.00, 0.00, 0.00)*(1.00, 1.00, 1.00)
Facility*0*(5.00, 2.00, 11.00)*(0.00, 0.00, 0.00)*(1.00, 1.00, 1.00)
Facility*0*(-1.00, 2.00, 6.00)*(0.00, 90.00, 0.00)*(1.00, 1.00, 1.00)
Facility*0*(-1.00, 1.00, 6.00)*(0.00, 90.00, 0.00)*(1.00, 1.00, 1.00)
Facility*0*(11.00, 1.00, -1.00)*(0.00, 0.00, 0.00)*(1.00, 1.00, 1.00)
Facility*0*(11.00, 2.00, -1.00)*(0.00, 0.00, 0.00)*(1.00, 1.00, 1.00)
Facility*0*(11.00, 1.00, 11.00)*(0.00, 0.00, 0.00)*(1.00, 1.00, 1.00)
Facility*0*(11.00, 2.00, 11.00)*(0.00, 0.00, 0.00)*(1.00, 1.00, 1.00)
Facility*0*(-1.00, 2.00, 0.00)*(0.00, 90.00, 0.00)*(1.00, 1.00, 1.00)
Facility*0*(-1.00, 2.00, -1.00)*(0.00, 90.00, 0.00)*(1.00, 1.00, 1.00)
Facility*0*(-1.00, 1.00, -1.00)*(0.00, 90.00, 0.00)*(1.00, 1.00, 1.00)
Facility*0*(-1.00, 1.00, 0.00)*(0.00, 90.00, 0.00)*(1.00, 1.00, 1.00)
Facility*0*(0.00, 1.00, -1.00)*(0.00, 0.00, 0.00)*(1.00, 1.00, 1.00)
Facility*0*(0.00, 2.00, -1.00)*(0.00, 0.00, 0.00)*(1.00, 1.00, 1.00)
Facility*0*(0.00, 1.00, 11.00)*(0.00, 0.00, 0.00)*(1.00, 1.00, 1.00)
Facility*0*(0.00, 2.00, 11.00)*(0.00, 0.00, 0.00)*(1.00, 1.00, 1.00)
Facility*0*(-1.00, 2.00, 11.00)*(0.00, 90.00, 0.00)*(1.00, 1.00, 1.00)
Facility*0*(-1.00, 1.00, 11.00)*(0.00, 90.00, 0.00)*(1.00, 1.00, 1.00)
Facility*0*(6.00, 1.00, -1.00)*(0.00, 0.00, 0.00)*(1.00, 1.00, 1.00)
Facility*0*(6.00, 2.00, -1.00)*(0.00, 0.00, 0.00)*(1.00, 1.00, 1.00)
Facility*0*(6.00, 1.00, 11.00)*(0.00, 0.00, 0.00)*(1.00, 1.00, 1.00)
Facility*0*(6.00, 2.00, 11.00)*(0.00, 0.00, 0.00)*(1.00, 1.00, 1.00)
Facility*0*(-1.00, 2.00, 5.00)*(0.00, 90.00, 0.00)*(1.00, 1.00, 1.00)
Facility*0*(-1.00, 1.00, 5.00)*(0.00, 90.00, 0.00)*(1.00, 1.00, 1.00)
Facility*0*(1.00, 1.00, -1.00)*(0.00, 0.00, 0.00)*(1.00, 1.00, 1.00)
Facility*0*(1.00, 2.00, -1.00)*(0.00, 0.00, 0.00)*(1.00, 1.00, 1.00)
Facility*0*(1.00, 1.00, 11.00)*(0.00, 0.00, 0.00)*(1.00, 1.00, 1.00)
Facility*0*(1.00, 2.00, 11.00)*(0.00, 0.00, 0.00)*(1.00, 1.00, 1.00)
Facility*0*(-1.00, 2.00, 10.00)*(0.00, 90.00, 0.00)*(1.00, 1.00, 1.00)
Facility*0*(-1.00, 1.00, 10.00)*(0.00, 90.00, 0.00)*(1.00, 1.00, 1.00)
Facility*0*(7.00, 1.00, -1.00)*(0.00, 0.00, 0.00)*(1.00, 1.00, 1.00)
Facility*0*(7.00, 2.00, -1.00)*(0.00, 0.00, 0.00)*(1.00, 1.00, 1.00)
Facility*0*(7.00, 1.00, 11.00)*(0.00, 0.00, 0.00)*(1.00, 1.00, 1.00)
Facility*0*(7.00, 2.00, 11.00)*(0.00, 0.00, 0.00)*(1.00, 1.00, 1.00)
Facility*0*(-1.00, 2.00, 4.00)*(0.00, 90.00, 0.00)*(1.00, 1.00, 1.00)
Facility*0*(-1.00, 1.00, 4.00)*(0.00, 90.00, 0.00)*(1.00, 1.00, 1.00)
Facility*0*(2.00, 1.00, -1.00)*(0.00, 0.00, 0.00)*(1.00, 1.00, 1.00)
Facility*0*(2.00, 2.00, -1.00)*(0.00, 0.00, 0.00)*(1.00, 1.00, 1.00)
Facility*0*(2.00, 1.00, 11.00)*(0.00, 0.00, 0.00)*(1.00, 1.00, 1.00)
Facility*0*(2.00, 2.00, 11.00)*(0.00, 0.00, 0.00)*(1.00, 1.00, 1.00)
Facility*0*(-1.00, 2.00, 9.00)*(0.00, 90.00, 0.00)*(1.00, 1.00, 1.00)
Facility*0*(-1.00, 1.00, 9.00)*(0.00, 90.00, 0.00)*(1.00, 1.00, 1.00)
Facility*0*(8.00, 1.00, -1.00)*(0.00, 0.00, 0.00)*(1.00, 1.00, 1.00)
Facility*0*(8.00, 2.00, -1.00)*(0.00, 0.00, 0.00)*(1.00, 1.00, 1.00)
Facility*0*(8.00, 1.00, 11.00)*(0.00, 0.00, 0.00)*(1.00, 1.00, 1.00)
Facility*0*(8.00, 2.00, 11.00)*(0.00, 0.00, 0.00)*(1.00, 1.00, 1.00)
Facility*0*(-1.00, 2.00, 3.00)*(0.00, 90.00, 0.00)*(1.00, 1.00, 1.00)
Facility*0*(-1.00, 1.00, 3.00)*(0.00, 90.00, 0.00)*(1.00, 1.00, 1.00)
Facility*0*(3.00, 1.00, -1.00)*(0.00, 0.00, 0.00)*(1.00, 1.00, 1.00)
Facility*0*(3.00, 2.00, -1.00)*(0.00, 0.00, 0.00)*(1.00, 1.00, 1.00)
Facility*0*(3.00, 1.00, 11.00)*(0.00, 0.00, 0.00)*(1.00, 1.00, 1.00)
Facility*0*(3.00, 2.00, 11.00)*(0.00, 0.00, 0.00)*(1.00, 1.00, 1.00)
Facility*0*(-1.00, 2.00, 8.00)*(0.00, 90.00, 0.00)*(1.00, 1.00, 1.00)
Facility*0*(-1.00, 1.00, 8.00)*(0.00, 90.00, 0.00)*(1.00, 1.00, 1.00)
Facility*0*(9.00, 1.00, -1.00)*(0.00, 0.00, 0.00)*(1.00, 1.00, 1.00)
Facility*0*(9.00, 2.00, -1.00)*(0.00, 0.00, 0.00)*(1.00, 1.00, 1.00)
Facility*0*(9.00, 1.00, 11.00)*(0.00, 0.00, 0.00)*(1.00, 1.00, 1.00)
Facility*0*(9.00, 2.00, 11.00)*(0.00, 0.00, 0.00)*(1.00, 1.00, 1.00)
Facility*0*(-1.00, 2.00, 2.00)*(0.00, 90.00, 0.00)*(1.00, 1.00, 1.00)
Facility*0*(-1.00, 1.00, 2.00)*(0.00, 90.00, 0.00)*(1.00, 1.00, 1.00)
Facility*0*(4.00, 1.00, -1.00)*(0.00, 0.00, 0.00)*(1.00, 1.00, 1.00)
Facility*0*(4.00, 2.00, -1.00)*(0.00, 0.00, 0.00)*(1.00, 1.00, 1.00)
Facility*0*(4.00, 1.00, 11.00)*(0.00, 0.00, 0.00)*(1.00, 1.00, 1.00)
Facility*0*(4.00, 2.00, 11.00)*(0.00, 0.00, 0.00)*(1.00, 1.00, 1.00)
Facility*0*(-1.00, 2.00, 7.00)*(0.00, 90.00, 0.00)*(1.00, 1.00, 1.00)
Facility*0*(-1.00, 1.00, 7.00)*(0.00, 90.00, 0.00)*(1.00, 1.00, 1.00)
Facility*0*(10.00, 1.00, -1.00)*(0.00, 0.00, 0.00)*(1.00, 1.00, 1.00)
Facility*0*(10.00, 2.00, -1.00)*(0.00, 0.00, 0.00)*(1.00, 1.00, 1.00)
Facility*0*(10.00, 1.00, 11.00)*(0.00, 0.00, 0.00)*(1.00, 1.00, 1.00)
Facility*0*(10.00, 2.00, 11.00)*(0.00, 0.00, 0.00)*(1.00, 1.00, 1.00)
Facility*0*(-1.00, 2.00, 1.00)*(0.00, 90.00, 0.00)*(1.00, 1.00, 1.00)
Facility*0*(-1.00, 1.00, 1.00)*(0.00, 90.00, 0.00)*(1.00, 1.00, 1.00)
Facility*0*(5.00, 1.00, 9.00)*(0.00, 0.00, 0.00)*(1.00, 1.00, 1.00)
Facility*0*(1.00, 1.00, 9.00)*(0.00, 0.00, 0.00)*(1.00, 1.00, 1.00)
Facility*0*(1.00, 1.00, 5.00)*(0.00, 0.00, 0.00)*(1.00, 1.00, 1.00)
Facility*0*(1.00, 1.00, 4.00)*(0.00, 0.00, 0.00)*(1.00, 1.00, 1.00)
Facility*0*(2.00, 1.00, 4.00)*(0.00, 0.00, 0.00)*(1.00, 1.00, 1.00)
Facility*0*(3.00, 1.00, 4.00)*(0.00, 0.00, 0.00)*(1.00, 1.00, 1.00)
Facility*0*(2.00, 2.00, 4.00)*(0.00, 0.00, 0.00)*(1.00, 1.00, 1.00)
Facility*0*(1.00, 2.00, 4.00)*(0.00, 0.00, 0.00)*(1.00, 1.00, 1.00)
Facility*2*(2.00, 2.00, 5.00)*(0.00, 0.00, 0.00)*(1.00, 1.00, 1.00)
Facility*2*(4.00, 2.00, 5.00)*(0.00, 0.00, 0.00)*(1.00, 1.00, 1.00)
Facility*2*(3.00, 2.00, 5.00)*(0.00, 0.00, 0.00)*(1.00, 1.00, 1.00)
Facility*2*(2.00, 2.00, 9.00)*(0.00, 0.00, 0.00)*(1.00, 1.00, 1.00)
Facility*2*(4.00, 2.00, 9.00)*(0.00, 0.00, 0.00)*(1.00, 1.00, 1.00)
Facility*2*(3.00, 2.00, 9.00)*(0.00, 0.00, 0.00)*(1.00, 1.00, 1.00)
Facility*2*(2.00, 2.00, 8.00)*(0.00, 0.00, 0.00)*(1.00, 1.00, 1.00)
Facility*2*(5.00, 2.00, 8.00)*(0.00, 0.00, 0.00)*(1.00, 1.00, 1.00)
Facility*2*(1.00, 2.00, 8.00)*(0.00, 0.00, 0.00)*(1.00, 1.00, 1.00)
Facility*2*(4.00, 2.00, 8.00)*(0.00, 0.00, 0.00)*(1.00, 1.00, 1.00)
Facility*2*(3.00, 2.00, 8.00)*(0.00, 0.00, 0.00)*(1.00, 1.00, 1.00)
Facility*2*(2.00, 2.00, 7.00)*(0.00, 0.00, 0.00)*(1.00, 1.00, 1.00)
Facility*2*(5.00, 2.00, 7.00)*(0.00, 0.00, 0.00)*(1.00, 1.00, 1.00)
Facility*2*(1.00, 2.00, 7.00)*(0.00, 0.00, 0.00)*(1.00, 1.00, 1.00)
Facility*2*(4.00, 2.00, 7.00)*(0.00, 0.00, 0.00)*(1.00, 1.00, 1.00)
Facility*2*(3.00, 2.00, 7.00)*(0.00, 0.00, 0.00)*(1.00, 1.00, 1.00)
Facility*2*(2.00, 2.00, 6.00)*(0.00, 0.00, 0.00)*(1.00, 1.00, 1.00)
Facility*2*(5.00, 2.00, 6.00)*(0.00, 0.00, 0.00)*(1.00, 1.00, 1.00)
Facility*2*(1.00, 2.00, 6.00)*(0.00, 0.00, 0.00)*(1.00, 1.00, 1.00)
Facility*2*(4.00, 2.00, 6.00)*(0.00, 0.00, 0.00)*(1.00, 1.00, 1.00)
Facility*2*(3.00, 2.00, 6.00)*(0.00, 0.00, 0.00)*(1.00, 1.00, 1.00)
Facility*1*(4.00, 1.00, 4.00)*(0.00, 90.00, 0.00)*(1.00, 1.00, 1.00)
Facility*1*(3.00, 2.00, 4.00)*(0.00, 90.00, 0.00)*(1.00, 1.00, 1.00)
Desert*2*(11.84, 0.00, 0.00)*(354.37, 30.64, 274.42)*(1.00, 1.00, 1.00)
Desert*2*(11.10, -0.05, 6.80)*(351.83, 57.49, 273.82)*(1.00, 1.00, 1.00)
Desert*2*(11.51, -0.01, 1.11)*(355.89, 28.41, 275.88)*(1.00, 1.00, 1.00)
Desert*2*(11.30, -0.02, 7.95)*(353.32, 55.23, 275.38)*(1.00, 1.00, 1.00)
Desert*2*(11.13, -0.06, 2.47)*(358.11, 32.32, 273.44)*(1.00, 1.00, 1.00)
Desert*2*(11.58, -0.01, 9.33)*(355.58, 59.13, 272.76)*(1.00, 1.00, 1.00)
sceneEnd
(3, 2, 7)*(2, 2)*0*True*False*False
structEnd
Infantryman*0*NAME*8*12*4*2*6*(0, 0, 0)
unitEnd

